
Macierz A:
0.500000 0.333333 0.250000 0.200000 
0.333333 0.250000 0.200000 0.166667 
0.250000 0.200000 0.166667 0.142857 
0.200000 0.166667 0.142857 0.125000 

Macierz L:
1.000000 0.000000 0.000000 0.000000 
2.500000 1.000000 0.000000 0.000000 
1.666667 0.333333 1.000000 0.000000 
1.250000 0.100000 0.499997 1.000000 

Macierz U:
0.200000 0.166667 0.142857 0.125000 
0.000000 -0.083333 -0.107143 -0.112500 
0.000000 0.000000 -0.002381 -0.004167 
0.000000 0.000000 0.000000 -0.000060 

Elementy diagonalne:
	0.200000
	-0.083333
	-0.002381
	-0.000060

Wyznacznik:
-2.362156e-09

Macierz A-1:
0.200000 0.166667 0.142857 0.125000 
2.500000 -0.083333 -0.107143 -0.112500 
1.666667 0.333333 -0.002381 -0.004167 
1.250000 0.100000 0.499997 -0.000060 

Macierz AA-1:
0.999985 0.000000 -0.000977 0.000244 
-0.000015 1.000000 -0.000732 0.000244 
0.000000 0.000122 0.999756 0.000244 
0.000000 0.000000 0.000000 1.000000 

Maximum macierzy A: 	0.500000

Maximum macierzy A-1: 	29398.708984
Wskaznik uwarunkowania macierzy:
14699.354492