0.000000	1.000000
0.020000	1.000000
0.040000	0.999604
0.060000	0.998817
0.080000	0.997643
0.100000	0.996085
0.120000	0.994148
0.140000	0.991836
0.160000	0.989154
0.180000	0.986107
0.200000	0.982699
0.220000	0.978935
0.240000	0.974821
0.260000	0.970360
0.280000	0.965558
0.300000	0.960421
0.320000	0.954954
0.340000	0.949162
0.360000	0.943050
0.380000	0.936625
0.400000	0.929891
0.420000	0.922855
0.440000	0.915523
0.460000	0.907900
0.480000	0.899991
0.500000	0.891805
0.520000	0.883345
0.540000	0.874618
0.560000	0.865631
0.580000	0.856389
0.600000	0.846900
0.620000	0.837168
0.640000	0.827201
0.660000	0.817005
0.680000	0.806586
0.700000	0.795950
0.720000	0.785105
0.740000	0.774057
0.760000	0.762812
0.780000	0.751377
0.800000	0.739758
0.820000	0.727962
0.840000	0.715995
0.860000	0.703865
0.880000	0.691577
0.900000	0.679138
0.920000	0.666556
0.940000	0.653836
0.960000	0.640985
0.980000	0.628009
1.000000	0.614916
1.020000	0.601712
1.040000	0.588403
1.060000	0.574996
1.080000	0.561497
1.100000	0.547914
1.120000	0.534251
1.140000	0.520517
1.159999	0.506717
1.179999	0.492857
1.199999	0.478945
1.219999	0.464986
1.239999	0.450986
1.259999	0.436952
1.279999	0.422890
1.299999	0.408806
1.319999	0.394706
1.339999	0.380596
1.359999	0.366482
1.379999	0.352370
1.399999	0.338266
1.419999	0.324176
1.439999	0.310105
1.459999	0.296060
1.479999	0.282045
1.499999	0.268067
1.519999	0.254130
1.539999	0.240240
1.559999	0.226403
1.579999	0.212624
1.599999	0.198908
1.619999	0.185260
1.639999	0.171685
1.659999	0.158189
1.679999	0.144775
1.699999	0.131449
1.719999	0.118216
1.739999	0.105080
1.759999	0.092046
1.779999	0.079117
1.799999	0.066300
1.819999	0.053597
1.839999	0.041013
1.859999	0.028553
1.879999	0.016219
1.899999	0.004017
1.919999	-0.008051
1.939999	-0.019980
1.959999	-0.031766
1.979999	-0.043407
1.999999	-0.054898
2.019999	-0.066237
2.039999	-0.077420
2.059999	-0.088444
2.079999	-0.099306
2.099999	-0.110002
2.119999	-0.120531
2.139999	-0.130890
2.159999	-0.141074
2.179999	-0.151083
2.199999	-0.160914
2.219999	-0.170564
2.239999	-0.180031
2.259999	-0.189313
2.279999	-0.198407
2.299999	-0.207313
2.319999	-0.216027
2.339998	-0.224549
2.359998	-0.232876
2.379998	-0.241007
2.399998	-0.248941
2.419998	-0.256676
2.439998	-0.264211
2.459998	-0.271545
2.479998	-0.278676
2.499998	-0.285604
2.519998	-0.292328
2.539998	-0.298848
2.559998	-0.305161
2.579998	-0.311268
2.599998	-0.317169
2.619998	-0.322863
2.639998	-0.328349
2.659998	-0.333628
2.679998	-0.338699
2.699998	-0.343563
2.719998	-0.348219
2.739998	-0.352668
2.759998	-0.356909
2.779998	-0.360944
2.799998	-0.364773
2.819998	-0.368395
2.839998	-0.371812
2.859998	-0.375025
2.879998	-0.378034
2.899998	-0.380840
2.919998	-0.383444
2.939998	-0.385847
2.959998	-0.388050
2.979998	-0.390054
2.999998	-0.391861
3.019998	-0.393472
3.039998	-0.394888
3.059998	-0.396110
3.079998	-0.397141
3.099998	-0.397982
3.119998	-0.398634
3.139998	-0.399100
3.159998	-0.399381
3.179998	-0.399478
3.199998	-0.399395
3.219998	-0.399132
3.239998	-0.398693
3.259998	-0.398079
3.279998	-0.397291
3.299998	-0.396334
3.319998	-0.395208
3.339998	-0.393917
3.359998	-0.392462
3.379997	-0.390846
3.399997	-0.389071
3.419997	-0.387141
3.439997	-0.385057
3.459997	-0.382823
3.479997	-0.380440
3.499997	-0.377912
3.519997	-0.375242
3.539997	-0.372431
3.559997	-0.369484
3.579997	-0.366403
3.599997	-0.363191
3.619997	-0.359850
3.639997	-0.356384
3.659997	-0.352796
3.679997	-0.349088
3.699997	-0.345264
3.719997	-0.341327
3.739997	-0.337280
3.759997	-0.333126
3.779997	-0.328868
3.799997	-0.324509
3.819997	-0.320053
3.839997	-0.315503
3.859997	-0.310861
3.879997	-0.306131
3.899997	-0.301316
3.919997	-0.296420
3.939997	-0.291446
3.959997	-0.286396
3.979997	-0.281275
3.999997	-0.276085
4.019997	-0.270829
4.039997	-0.265511
4.059997	-0.260135
4.079997	-0.254703
4.099997	-0.249218
4.119997	-0.243684
4.139997	-0.238104
4.159997	-0.232481
4.179997	-0.226819
4.199997	-0.221120
4.219997	-0.215387
4.239997	-0.209625
4.259997	-0.203836
4.279997	-0.198022
4.299997	-0.192188
4.319997	-0.186337
4.339997	-0.180470
4.359997	-0.174592
4.379997	-0.168706
4.399997	-0.162814
4.419997	-0.156919
4.439997	-0.151025
4.459997	-0.145134
4.479997	-0.139250
4.499997	-0.133374
4.519997	-0.127510
4.539997	-0.121661
4.559997	-0.115829
4.579997	-0.110017
4.599997	-0.104228
4.619997	-0.098465
4.639997	-0.092729
4.659997	-0.087025
4.679996	-0.081353
4.699996	-0.075717
4.719996	-0.070120
4.739996	-0.064563
4.759996	-0.059049
4.779996	-0.053581
4.799996	-0.048160
4.819996	-0.042789
4.839996	-0.037470
4.859996	-0.032205
4.879996	-0.026997
4.899996	-0.021848
4.919996	-0.016759
4.939996	-0.011732
4.959996	-0.006770
4.979996	-0.001874
4.999996	0.002954
5.019996	0.007712
5.039996	0.012398
5.059996	0.017011
5.079996	0.021549
5.099996	0.026010
5.119996	0.030393
5.139996	0.034696
5.159996	0.038919
5.179996	0.043059
5.199996	0.047116
5.219996	0.051087
5.239996	0.054972
5.259996	0.058770
5.279996	0.062479
5.299996	0.066099
5.319996	0.069628
5.339996	0.073066
5.359996	0.076411
5.379996	0.079663
5.399996	0.082821
5.419996	0.085884
5.439996	0.088851
5.459996	0.091723
5.479996	0.094497
5.499996	0.097175
5.519996	0.099754
5.539996	0.102236
5.559996	0.104618
5.579996	0.106902
5.599996	0.109087
5.619996	0.111173
5.639996	0.113158
5.659996	0.115045
5.679996	0.116831
5.699996	0.118518
5.719995	0.120105
5.739995	0.121592
5.759995	0.122980
5.779995	0.124268
5.799995	0.125458
5.819995	0.126548
5.839995	0.127540
5.859995	0.128434
5.879995	0.129230
5.899995	0.129929
5.919995	0.130531
5.939995	0.131037
5.959995	0.131448
5.979995	0.131763
5.999995	0.131984
6.019995	0.132111
6.039995	0.132146
6.059995	0.132088
6.079995	0.131940
6.099995	0.131701
6.119995	0.131372
6.139995	0.130956
6.159995	0.130451
6.179995	0.129861
6.199995	0.129185
6.219995	0.128425
6.239995	0.127582
6.259995	0.126657
6.279995	0.125651
6.299995	0.124566
6.319995	0.123403
6.339995	0.122162
6.359995	0.120847
6.379995	0.119457
6.399995	0.117994
6.419995	0.116460
6.439995	0.114856
6.459995	0.113183
6.479995	0.111444
6.499995	0.109639
6.519995	0.107770
6.539995	0.105838
6.559995	0.103846
6.579995	0.101795
6.599995	0.099686
6.619995	0.097521
6.639995	0.095302
6.659995	0.093031
6.679995	0.090708
6.699995	0.088336
6.719995	0.085917
6.739995	0.083452
6.759995	0.080943
6.779994	0.078392
6.799994	0.075800
6.819994	0.073169
6.839994	0.070502
6.859994	0.067799
6.879994	0.065063
6.899994	0.062296
6.919994	0.059499
6.939994	0.056674
6.959994	0.053823
6.979994	0.050947
6.999994	0.048049
7.019994	0.045131
7.039994	0.042194
7.059994	0.039239
7.079994	0.036270
7.099994	0.033287
7.119994	0.030293
7.139994	0.027289
7.159994	0.024277
7.179994	0.021259
7.199994	0.018237
7.219994	0.015212
7.239994	0.012186
7.259994	0.009162
7.279994	0.006140
7.299994	0.003123
7.319994	0.000112
7.339994	-0.002891
7.359994	-0.005884
7.379994	-0.008866
7.399994	-0.011835
7.419994	-0.014789
7.439994	-0.017726
7.459994	-0.020646
7.479994	-0.023546
7.499994	-0.026425
7.519994	-0.029280
7.539994	-0.032112
7.559994	-0.034917
7.579994	-0.037695
7.599994	-0.040444
7.619994	-0.043162
7.639994	-0.045849
7.659994	-0.048502
7.679994	-0.051120
7.699994	-0.053702
7.719994	-0.056247
7.739994	-0.058753
7.759994	-0.061218
7.779994	-0.063642
7.799994	-0.066023
7.819993	-0.068360
7.839993	-0.070652
7.859993	-0.072898
7.879993	-0.075096
7.899993	-0.077245
7.919993	-0.079344
7.939993	-0.081393
7.959993	-0.083389
7.979993	-0.085333
7.999993	-0.087223
8.019994	-0.089058
8.039994	-0.090837
8.059995	-0.092560
8.079995	-0.094225
8.099996	-0.095831
8.119996	-0.097379
8.139997	-0.098866
8.159997	-0.100293
8.179997	-0.101659
8.199998	-0.102962
8.219998	-0.104203
8.239999	-0.105381
8.259999	-0.106494
8.280000	-0.107544
8.300000	-0.108528
8.320001	-0.109448
8.340001	-0.110301
8.360002	-0.111088
8.380002	-0.111809
8.400002	-0.112463
8.420003	-0.113050
8.440003	-0.113569
8.460004	-0.114021
8.480004	-0.114404
8.500005	-0.114720
8.520005	-0.114968
8.540006	-0.115147
8.560006	-0.115258
8.580007	-0.115300
8.600007	-0.115274
8.620008	-0.115180
8.640008	-0.115017
8.660008	-0.114787
8.680009	-0.114488
8.700009	-0.114121
8.720010	-0.113687
8.740010	-0.113185
8.760011	-0.112616
8.780011	-0.111979
8.800012	-0.111277
8.820012	-0.110508
8.840013	-0.109673
8.860013	-0.108772
8.880013	-0.107807
8.900014	-0.106777
8.920014	-0.105683
8.940015	-0.104525
8.960015	-0.103304
8.980016	-0.102021
9.000016	-0.100676
9.020017	-0.099270
9.040017	-0.097804
9.060018	-0.096278
9.080018	-0.094692
9.100019	-0.093049
9.120019	-0.091348
9.140019	-0.089590
9.160020	-0.087776
9.180020	-0.085907
9.200021	-0.083984
9.220021	-0.082008
9.240022	-0.079979
9.260022	-0.077899
9.280023	-0.075768
9.300023	-0.073588
9.320024	-0.071359
9.340024	-0.069083
9.360024	-0.066761
9.380025	-0.064393
9.400025	-0.061981
9.420026	-0.059526
9.440026	-0.057028
9.460027	-0.054490
9.480027	-0.051913
9.500028	-0.049296
9.520028	-0.046642
9.540029	-0.043953
9.560029	-0.041228
9.580029	-0.038469
9.600030	-0.035678
9.620030	-0.032856
9.640031	-0.030004
9.660031	-0.027123
9.680032	-0.024215
9.700032	-0.021281
9.720033	-0.018322
9.740033	-0.015340
9.760034	-0.012336
9.780034	-0.009311
9.800035	-0.006266
9.820035	-0.003204
9.840035	-0.000125
9.860036	0.002969
9.880036	0.006078
9.900037	0.009198
9.920037	0.012330
9.940038	0.015472
9.960038	0.018622
9.980039	0.021778
10.000039	0.024941
10.020040	0.028108
10.040040	0.031277
10.060040	0.034448
10.080041	0.037618
10.100041	0.040788
10.120042	0.043954
10.140042	0.047117
10.160043	0.050273
10.180043	0.053423
10.200044	0.056564
10.220044	0.059696
10.240045	0.062817
10.260045	0.065925
10.280046	0.069019
10.300046	0.072098
10.320046	0.075161
10.340047	0.078205
10.360047	0.081231
10.380048	0.084236
10.400048	0.087219
10.420049	0.090179
10.440049	0.093115
10.460050	0.096025
10.480050	0.098908
10.500051	0.101763
10.520051	0.104588
10.540051	0.107382
10.560052	0.110145
10.580052	0.112875
10.600053	0.115570
10.620053	0.118230
10.640054	0.120853
10.660054	0.123439
10.680055	0.125985
10.700055	0.128492
10.720056	0.130957
10.740056	0.133381
10.760056	0.135761
10.780057	0.138096
10.800057	0.140387
10.820058	0.142631
10.840058	0.144828
10.860059	0.146977
10.880059	0.149076
10.900060	0.151125
10.920060	0.153124
10.940061	0.155070
10.960061	0.156964
10.980062	0.158804
11.000062	0.160590
11.020062	0.162320
11.040063	0.163995
11.060063	0.165613
11.080064	0.167173
11.100064	0.168675
11.120065	0.170119
11.140065	0.171503
11.160066	0.172826
11.180066	0.174089
11.200067	0.175291
11.220067	0.176431
11.240067	0.177509
11.260068	0.178523
11.280068	0.179474
11.300069	0.180362
11.320069	0.181185
11.340070	0.181943
11.360070	0.182636
11.380071	0.183264
11.400071	0.183826
11.420072	0.184322
11.440072	0.184752
11.460073	0.185115
11.480073	0.185411
11.500073	0.185640
11.520074	0.185801
11.540074	0.185896
11.560075	0.185923
11.580075	0.185882
11.600076	0.185773
11.620076	0.185597
11.640077	0.185353
11.660077	0.185041
11.680078	0.184661
11.700078	0.184214
11.720078	0.183699
11.740079	0.183117
11.760079	0.182467
11.780080	0.181750
11.800080	0.180966
11.820081	0.180115
11.840081	0.179198
11.860082	0.178214
11.880082	0.177164
11.900083	0.176049
11.920083	0.174868
11.940084	0.173622
11.960084	0.172311
11.980084	0.170936
12.000085	0.169497
12.020085	0.167995
12.040086	0.166430
12.060086	0.164803
12.080087	0.163113
12.100087	0.161363
12.120088	0.159551
12.140088	0.157680
12.160089	0.155749
12.180089	0.153758
12.200089	0.151710
12.220090	0.149604
12.240090	0.147441
12.260091	0.145222
12.280091	0.142948
12.300092	0.140619
12.320092	0.138236
12.340093	0.135799
12.360093	0.133311
12.380094	0.130771
12.400094	0.128181
12.420094	0.125541
12.440095	0.122852
12.460095	0.120115
12.480096	0.117331
12.500096	0.114501
12.520097	0.111626
12.540097	0.108707
12.560098	0.105744
12.580098	0.102740
12.600099	0.099694
12.620099	0.096609
12.640100	0.093484
12.660100	0.090322
12.680100	0.087122
12.700101	0.083887
12.720101	0.080617
12.740102	0.077314
12.760102	0.073978
12.780103	0.070611
12.800103	0.067213
12.820104	0.063787
12.840104	0.060332
12.860105	0.056851
12.880105	0.053345
12.900105	0.049814
12.920106	0.046260
12.940106	0.042684
12.960107	0.039088
12.980107	0.035472
13.000108	0.031838
13.020108	0.028187
13.040109	0.024520
13.060109	0.020838
13.080110	0.017144
13.100110	0.013437
13.120111	0.009720
13.140111	0.005993
13.160111	0.002258
13.180112	-0.001484
13.200112	-0.005232
13.220113	-0.008984
13.240113	-0.012740
13.260114	-0.016497
13.280114	-0.020255
13.300115	-0.024012
13.320115	-0.027767
13.340116	-0.031519
13.360116	-0.035267
13.380116	-0.039009
13.400117	-0.042743
13.420117	-0.046470
13.440118	-0.050187
13.460118	-0.053893
13.480119	-0.057588
13.500119	-0.061269
13.520120	-0.064935
13.540120	-0.068586
13.560121	-0.072220
13.580121	-0.075836
13.600121	-0.079433
13.620122	-0.083008
13.640122	-0.086562
13.660123	-0.090094
13.680123	-0.093601
13.700124	-0.097082
13.720124	-0.100537
13.740125	-0.103965
13.760125	-0.107364
13.780126	-0.110733
13.800126	-0.114071
13.820127	-0.117376
13.840127	-0.120649
13.860127	-0.123887
13.880128	-0.127090
13.900128	-0.130256
13.920129	-0.133385
13.940129	-0.136475
13.960130	-0.139525
13.980130	-0.142535
14.000131	-0.145504
14.020131	-0.148430
14.040132	-0.151312
14.060132	-0.154150
14.080132	-0.156942
14.100133	-0.159688
14.120133	-0.162387
14.140134	-0.165038
14.160134	-0.167640
14.180135	-0.170191
14.200135	-0.172693
14.220136	-0.175142
14.240136	-0.177540
14.260137	-0.179884
14.280137	-0.182174
14.300138	-0.184410
14.320138	-0.186590
14.340138	-0.188714
14.360139	-0.190782
14.380139	-0.192791
14.400140	-0.194743
14.420140	-0.196637
14.440141	-0.198470
14.460141	-0.200244
14.480142	-0.201958
14.500142	-0.203610
14.520143	-0.205200
14.540143	-0.206729
14.560143	-0.208195
14.580144	-0.209597
14.600144	-0.210937
14.620145	-0.212212
14.640145	-0.213423
14.660146	-0.214569
14.680146	-0.215649
14.700147	-0.216665
14.720147	-0.217614
14.740148	-0.218498
14.760148	-0.219315
14.780149	-0.220065
14.800149	-0.220748
14.820149	-0.221364
14.840150	-0.221913
14.860150	-0.222395
14.880151	-0.222808
14.900151	-0.223154
14.920152	-0.223432
14.940152	-0.223642
14.960153	-0.223784
14.980153	-0.223858
15.000154	-0.223864
15.020154	-0.223801
15.040154	-0.223671
15.060155	-0.223473
15.080155	-0.223206
15.100156	-0.222872
15.120156	-0.222470
15.140157	-0.222000
15.160157	-0.221462
15.180158	-0.220858
15.200158	-0.220186
15.220159	-0.219447
15.240159	-0.218641
15.260159	-0.217770
15.280160	-0.216831
15.300160	-0.215828
15.320161	-0.214758
15.340161	-0.213623
15.360162	-0.212424
15.380162	-0.211160
15.400163	-0.209831
15.420163	-0.208440
15.440164	-0.206985
15.460164	-0.205467
15.480165	-0.203887
15.500165	-0.202245
15.520165	-0.200542
15.540166	-0.198778
15.560166	-0.196954
15.580167	-0.195070
15.600167	-0.193127
15.620168	-0.191126
15.640168	-0.189067
15.660169	-0.186951
15.680169	-0.184779
15.700170	-0.182550
15.720170	-0.180267
15.740170	-0.177929
15.760171	-0.175537
15.780171	-0.173093
15.800172	-0.170596
15.820172	-0.168048
15.840173	-0.165449
15.860173	-0.162800
15.880174	-0.160103
15.900174	-0.157357
15.920175	-0.154564
15.940175	-0.151724
15.960176	-0.148839
15.980176	-0.145909
16.000175	-0.142935
16.020176	-0.139918
16.040176	-0.136859
16.060177	-0.133760
16.080177	-0.130620
16.100178	-0.127440
16.120178	-0.124223
16.140179	-0.120969
16.160179	-0.117678
16.180180	-0.114352
16.200180	-0.110992
16.220181	-0.107599
16.240181	-0.104174
16.260181	-0.100717
16.280182	-0.097231
16.300182	-0.093715
16.320183	-0.090172
16.340183	-0.086601
16.360184	-0.083005
16.380184	-0.079384
16.400185	-0.075740
16.420185	-0.072073
16.440186	-0.068384
16.460186	-0.064675
16.480186	-0.060947
16.500187	-0.057201
16.520187	-0.053438
16.540188	-0.049659
16.560188	-0.045866
16.580189	-0.042058
16.600189	-0.038239
16.620190	-0.034408
16.640190	-0.030567
16.660191	-0.026716
16.680191	-0.022858
16.700191	-0.018994
16.720192	-0.015123
16.740192	-0.011248
16.760193	-0.007370
16.780193	-0.003490
16.800194	0.000391
16.820194	0.004272
16.840195	0.008152
16.860195	0.012030
16.880196	0.015904
16.900196	0.019773
16.920197	0.023636
16.940197	0.027493
16.960197	0.031341
16.980198	0.035180
17.000198	0.039009
17.020199	0.042826
17.040199	0.046631
17.060200	0.050422
17.080200	0.054199
17.100201	0.057959
17.120201	0.061703
17.140202	0.065428
17.160202	0.069135
17.180202	0.072821
17.200203	0.076486
17.220203	0.080128
17.240204	0.083748
17.260204	0.087342
17.280205	0.090912
17.300205	0.094455
17.320206	0.097970
17.340206	0.101457
17.360207	0.104915
17.380207	0.108342
17.400208	0.111738
17.420208	0.115101
17.440208	0.118431
17.460209	0.121726
17.480209	0.124987
17.500210	0.128211
17.520210	0.131398
17.540211	0.134547
17.560211	0.137657
17.580212	0.140728
17.600212	0.143758
17.620213	0.146747
17.640213	0.149693
17.660213	0.152596
17.680214	0.155455
17.700214	0.158270
17.720215	0.161039
17.740215	0.163762
17.760216	0.166438
17.780216	0.169066
17.800217	0.171646
17.820217	0.174176
17.840218	0.176657
17.860218	0.179087
17.880219	0.181466
17.900219	0.183793
17.920219	0.186067
17.940220	0.188289
17.960220	0.190456
17.980221	0.192570
18.000221	0.194628
18.020222	0.196631
18.040222	0.198579
18.060223	0.200469
18.080223	0.202303
18.100224	0.204079
18.120224	0.205798
18.140224	0.207458
18.160225	0.209059
18.180225	0.210601
18.200226	0.212083
18.220226	0.213506
18.240227	0.214868
18.260227	0.216169
18.280228	0.217410
18.300228	0.218589
18.320229	0.219706
18.340229	0.220762
18.360229	0.221755
18.380230	0.222686
18.400230	0.223554
18.420231	0.224360
18.440231	0.225103
18.460232	0.225782
18.480232	0.226398
18.500233	0.226951
18.520233	0.227440
18.540234	0.227865
18.560234	0.228227
18.580235	0.228525
18.600235	0.228759
18.620235	0.228930
18.640236	0.229036
18.660236	0.229079
18.680237	0.229058
18.700237	0.228973
18.720238	0.228825
18.740238	0.228613
18.760239	0.228337
18.780239	0.227999
18.800240	0.227597
18.820240	0.227132
18.840240	0.226604
18.860241	0.226013
18.880241	0.225360
18.900242	0.224645
18.920242	0.223868
18.940243	0.223029
18.960243	0.222128
18.980244	0.221167
19.000244	0.220145
19.020245	0.219062
19.040245	0.217919
19.060246	0.216716
19.080246	0.215454
19.100246	0.214133
19.120247	0.212753
19.140247	0.211315
19.160248	0.209819
19.180248	0.208266
19.200249	0.206657
19.220249	0.204991
19.240250	0.203269
19.260250	0.201492
19.280251	0.199660
19.300251	0.197775
19.320251	0.195835
19.340252	0.193843
19.360252	0.191798
19.380253	0.189701
19.400253	0.187553
19.420254	0.185355
19.440254	0.183106
19.460255	0.180808
19.480255	0.178462
19.500256	0.176068
19.520256	0.173626
19.540257	0.171138
19.560257	0.168605
19.580257	0.166026
19.600258	0.163403
19.620258	0.160736
19.640259	0.158027
19.660259	0.155276
19.680260	0.152483
19.700260	0.149650
19.720261	0.146777
19.740261	0.143866
19.760262	0.140917
19.780262	0.137931
19.800262	0.134908
19.820263	0.131850
19.840263	0.128757
19.860264	0.125631
19.880264	0.122472
19.900265	0.119281
19.920265	0.116060
19.940266	0.112808
19.960266	0.109527
19.980267	0.106218
20.000267	0.102881
20.020267	0.099518
20.040268	0.096130
20.060268	0.092717
20.080269	0.089280
20.100269	0.085822
20.120270	0.082341
20.140270	0.078840
20.160271	0.075319
20.180271	0.071779
20.200272	0.068222
20.220272	0.064648
20.240273	0.061058
20.260273	0.057454
20.280273	0.053835
20.300274	0.050204
20.320274	0.046561
20.340275	0.042908
20.360275	0.039244
20.380276	0.035572
20.400276	0.031892
20.420277	0.028205
20.440277	0.024513
20.460278	0.020815
20.480278	0.017114
20.500278	0.013411
20.520279	0.009705
20.540279	0.005999
20.560280	0.002293
20.580280	-0.001412
20.600281	-0.005114
20.620281	-0.008813
20.640282	-0.012508
20.660282	-0.016197
20.680283	-0.019881
20.700283	-0.023557
20.720284	-0.027224
20.740284	-0.030883
20.760284	-0.034531
20.780285	-0.038168
20.800285	-0.041793
20.820286	-0.045405
20.840286	-0.049003
20.860287	-0.052586
20.880287	-0.056153
20.900288	-0.059702
20.920288	-0.063234
20.940289	-0.066747
20.960289	-0.070241
20.980289	-0.073714
21.000290	-0.077165
21.020290	-0.080593
21.040291	-0.083998
21.060291	-0.087379
21.080292	-0.090735
21.100292	-0.094065
21.120293	-0.097367
21.140293	-0.100642
21.160294	-0.103889
21.180294	-0.107105
21.200294	-0.110292
21.220295	-0.113447
21.240295	-0.116570
21.260296	-0.119661
21.280296	-0.122718
21.300297	-0.125740
21.320297	-0.128728
21.340298	-0.131679
21.360298	-0.134594
21.380299	-0.137471
21.400299	-0.140310
21.420300	-0.143110
21.440300	-0.145870
21.460300	-0.148591
21.480301	-0.151270
21.500301	-0.153907
21.520302	-0.156502
21.540302	-0.159054
21.560303	-0.161562
21.580303	-0.164026
21.600304	-0.166445
21.620304	-0.168818
21.640305	-0.171146
21.660305	-0.173426
21.680305	-0.175659
21.700306	-0.177844
21.720306	-0.179981
21.740307	-0.182069
21.760307	-0.184108
21.780308	-0.186096
21.800308	-0.188034
21.820309	-0.189921
21.840309	-0.191757
21.860310	-0.193541
21.880310	-0.195273
21.900311	-0.196951
21.920311	-0.198577
21.940311	-0.200150
21.960312	-0.201668
21.980312	-0.203132
22.000313	-0.204542
22.020313	-0.205897
22.040314	-0.207196
22.060314	-0.208440
22.080315	-0.209629
22.100315	-0.210761
22.120316	-0.211837
22.140316	-0.212856
22.160316	-0.213818
22.180317	-0.214724
22.200317	-0.215572
22.220318	-0.216363
22.240318	-0.217096
22.260319	-0.217772
22.280319	-0.218390
22.300320	-0.218950
22.320320	-0.219452
22.340321	-0.219895
22.360321	-0.220281
22.380322	-0.220608
22.400322	-0.220877
22.420322	-0.221087
22.440323	-0.221239
22.460323	-0.221333
22.480324	-0.221369
22.500324	-0.221346
22.520325	-0.221265
22.540325	-0.221125
22.560326	-0.220928
22.580326	-0.220672
22.600327	-0.220359
22.620327	-0.219987
22.640327	-0.219559
22.660328	-0.219072
22.680328	-0.218529
22.700329	-0.217928
22.720329	-0.217270
22.740330	-0.216555
22.760330	-0.215784
22.780331	-0.214957
22.800331	-0.214074
22.820332	-0.213134
22.840332	-0.212140
22.860332	-0.211090
22.880333	-0.209986
22.900333	-0.208827
22.920334	-0.207613
22.940334	-0.206346
22.960335	-0.205026
22.980335	-0.203653
23.000336	-0.202227
23.020336	-0.200748
23.040337	-0.199218
23.060337	-0.197636
23.080338	-0.196004
23.100338	-0.194321
23.120338	-0.192588
23.140339	-0.190806
23.160339	-0.188974
23.180340	-0.187094
23.200340	-0.185166
23.220341	-0.183191
23.240341	-0.181168
23.260342	-0.179099
23.280342	-0.176985
23.300343	-0.174825
23.320343	-0.172621
23.340343	-0.170373
23.360344	-0.168081
23.380344	-0.165747
23.400345	-0.163370
23.420345	-0.160952
23.440346	-0.158494
23.460346	-0.155995
23.480347	-0.153456
23.500347	-0.150879
23.520348	-0.148264
23.540348	-0.145611
23.560349	-0.142922
23.580349	-0.140197
23.600349	-0.137436
23.620350	-0.134642
23.640350	-0.131813
23.660351	-0.128951
23.680351	-0.126058
23.700352	-0.123132
23.720352	-0.120176
23.740353	-0.117191
23.760353	-0.114176
23.780354	-0.111133
23.800354	-0.108062
23.820354	-0.104965
23.840355	-0.101842
23.860355	-0.098694
23.880356	-0.095522
23.900356	-0.092327
23.920357	-0.089109
23.940357	-0.085869
23.960358	-0.082609
23.980358	-0.079329
24.000359	-0.076029
24.020359	-0.072712
24.040359	-0.069377
24.060360	-0.066025
24.080360	-0.062658
24.100361	-0.059277
24.120361	-0.055881
24.140362	-0.052473
24.160362	-0.049053
24.180363	-0.045621
24.200363	-0.042179
24.220364	-0.038728
24.240364	-0.035268
24.260365	-0.031801
24.280365	-0.028327
24.300365	-0.024848
24.320366	-0.021363
24.340366	-0.017875
24.360367	-0.014383
24.380367	-0.010890
24.400368	-0.007395
24.420368	-0.003899
24.440369	-0.000405
24.460369	0.003089
24.480370	0.006579
24.500370	0.010067
24.520370	0.013550
24.540371	0.017029
24.560371	0.020501
24.580372	0.023967
24.600372	0.027425
24.620373	0.030874
24.640373	0.034314
24.660374	0.037744
24.680374	0.041162
24.700375	0.044568
24.720375	0.047961
24.740376	0.051340
24.760376	0.054705
24.780376	0.058054
24.800377	0.061386
24.820377	0.064702
24.840378	0.067999
24.860378	0.071277
24.880379	0.074536
24.900379	0.077773
24.920380	0.080990
24.940380	0.084184
24.960381	0.087355
24.980381	0.090502
25.000381	0.093625
25.020382	0.096722
25.040382	0.099793
25.060383	0.102836
25.080383	0.105853
25.100384	0.108840
25.120384	0.111798
25.140385	0.114727
25.160385	0.117624
25.180386	0.120490
25.200386	0.123324
25.220387	0.126125
25.240387	0.128892
25.260387	0.131625
25.280388	0.134323
25.300388	0.136985
25.320389	0.139611
25.340389	0.142200
25.360390	0.144751
25.380390	0.147264
25.400391	0.149738
25.420391	0.152173
25.440392	0.154567
25.460392	0.156921
25.480392	0.159233
25.500393	0.161504
25.520393	0.163732
25.540394	0.165917
25.560394	0.168059
25.580395	0.170157
25.600395	0.172210
25.620396	0.174218
25.640396	0.176180
25.660397	0.178097
25.680397	0.179967
25.700397	0.181790
25.720398	0.183566
25.740398	0.185293
25.760399	0.186973
25.780399	0.188604
25.800400	0.190186
25.820400	0.191718
25.840401	0.193201
25.860401	0.194633
25.880402	0.196015
25.900402	0.197346
25.920403	0.198626
25.940403	0.199855
25.960403	0.201032
25.980404	0.202156
26.000404	0.203229
26.020405	0.204249
26.040405	0.205216
26.060406	0.206130
26.080406	0.206991
26.100407	0.207799
26.120407	0.208553
26.140408	0.209253
26.160408	0.209899
26.180408	0.210492
26.200409	0.211030
26.220409	0.211514
26.240410	0.211943
26.260410	0.212318
26.280411	0.212638
26.300411	0.212904
26.320412	0.213115
26.340412	0.213272
26.360413	0.213373
26.380413	0.213421
26.400414	0.213413
26.420414	0.213351
26.440414	0.213234
26.460415	0.213062
26.480415	0.212836
26.500416	0.212556
26.520416	0.212221
26.540417	0.211832
26.560417	0.211389
26.580418	0.210892
26.600418	0.210341
26.620419	0.209737
26.640419	0.209079
26.660419	0.208367
26.680420	0.207603
26.700420	0.206785
26.720421	0.205915
26.740421	0.204993
26.760422	0.204018
26.780422	0.202992
26.800423	0.201914
26.820423	0.200784
26.840424	0.199604
26.860424	0.198373
26.880424	0.197091
26.900425	0.195759
26.920425	0.194378
26.940426	0.192948
26.960426	0.191468
26.980427	0.189940
27.000427	0.188364
27.020428	0.186741
27.040428	0.185070
27.060429	0.183352
27.080429	0.181588
27.100430	0.179778
27.120430	0.177922
27.140430	0.176022
27.160431	0.174077
27.180431	0.172088
27.200432	0.170056
27.220432	0.167981
27.240433	0.165863
27.260433	0.163704
27.280434	0.161504
27.300434	0.159263
27.320435	0.156982
27.340435	0.154661
27.360435	0.152302
27.380436	0.149904
27.400436	0.147469
27.420437	0.144997
27.440437	0.142488
27.460438	0.139944
27.480438	0.137364
27.500439	0.134751
27.520439	0.132103
27.540440	0.129423
27.560440	0.126710
27.580441	0.123965
27.600441	0.121190
27.620441	0.118385
27.640442	0.115549
27.660442	0.112686
27.680443	0.109794
27.700443	0.106875
27.720444	0.103929
27.740444	0.100957
27.760445	0.097961
27.780445	0.094940
27.800446	0.091896
27.820446	0.088829
27.840446	0.085740
27.860447	0.082631
27.880447	0.079500
27.900448	0.076351
27.920448	0.073182
27.940449	0.069996
27.960449	0.066793
27.980450	0.063573
28.000450	0.060338
28.020451	0.057088
28.040451	0.053824
28.060452	0.050548
28.080452	0.047259
28.100452	0.043959
28.120453	0.040649
28.140453	0.037329
28.160454	0.034000
28.180454	0.030663
28.200455	0.027320
28.220455	0.023970
28.240456	0.020614
28.260456	0.017255
28.280457	0.013891
28.300457	0.010525
28.320457	0.007157
28.340458	0.003788
28.360458	0.000418
28.380459	-0.002951
28.400459	-0.006318
28.420460	-0.009683
28.440460	-0.013045
28.460461	-0.016403
28.480461	-0.019756
28.500462	-0.023103
28.520462	-0.026444
28.540462	-0.029777
28.560463	-0.033102
28.580463	-0.036418
28.600464	-0.039724
28.620464	-0.043019
28.640465	-0.046302
28.660465	-0.049573
28.680466	-0.052831
28.700466	-0.056074
28.720467	-0.059303
28.740467	-0.062516
28.760468	-0.065712
28.780468	-0.068891
28.800468	-0.072052
28.820469	-0.075194
28.840469	-0.078316
28.860470	-0.081418
28.880470	-0.084498
28.900471	-0.087556
28.920471	-0.090591
28.940472	-0.093603
28.960472	-0.096590
28.980473	-0.099552
29.000473	-0.102488
29.020473	-0.105398
29.040474	-0.108280
29.060474	-0.111134
29.080475	-0.113959
29.100475	-0.116755
29.120476	-0.119521
29.140476	-0.122255
29.160477	-0.124958
29.180477	-0.127629
29.200478	-0.130266
29.220478	-0.132871
29.240479	-0.135440
29.260479	-0.137975
29.280479	-0.140475
29.300480	-0.142938
29.320480	-0.145364
29.340481	-0.147753
29.360481	-0.150104
29.380482	-0.152416
29.400482	-0.154689
29.420483	-0.156923
29.440483	-0.159116
29.460484	-0.161268
29.480484	-0.163379
29.500484	-0.165448
29.520485	-0.167474
29.540485	-0.169458
29.560486	-0.171398
29.580486	-0.173294
29.600487	-0.175146
29.620487	-0.176953
29.640488	-0.178714
29.660488	-0.180430
29.680489	-0.182100
29.700489	-0.183723
29.720490	-0.185299
29.740490	-0.186827
29.760490	-0.188308
29.780491	-0.189741
29.800491	-0.191125
29.820492	-0.192461
29.840492	-0.193747
29.860493	-0.194984
29.880493	-0.196171
29.900494	-0.197308
29.920494	-0.198394
29.940495	-0.199430
29.960495	-0.200415
29.980495	-0.201349
30.000496	-0.202231
30.020496	-0.203062
30.040497	-0.203841
30.060497	-0.204569
30.080498	-0.205244
30.100498	-0.205866
30.120499	-0.206436
30.140499	-0.206954
30.160500	-0.207419
30.180500	-0.207831
30.200500	-0.208190
30.220501	-0.208496
30.240501	-0.208749
30.260502	-0.208949
30.280502	-0.209095
30.300503	-0.209189
30.320503	-0.209229
30.340504	-0.209216
30.360504	-0.209149
30.380505	-0.209030
30.400505	-0.208857
30.420506	-0.208631
30.440506	-0.208352
30.460506	-0.208021
30.480507	-0.207636
30.500507	-0.207198
30.520508	-0.206708
30.540508	-0.206165
30.560509	-0.205570
30.580509	-0.204923
30.600510	-0.204223
30.620510	-0.203472
30.640511	-0.202669
30.660511	-0.201815
30.680511	-0.200909
30.700512	-0.199952
30.720512	-0.198945
30.740513	-0.197887
30.760513	-0.196778
30.780514	-0.195620
30.800514	-0.194412
30.820515	-0.193155
30.840515	-0.191849
30.860516	-0.190494
30.880516	-0.189090
30.900517	-0.187639
30.920517	-0.186140
30.940517	-0.184594
30.960518	-0.183001
30.980518	-0.181362
31.000519	-0.179677
31.020519	-0.177946
31.040520	-0.176170
31.060520	-0.174349
31.080521	-0.172485
31.100521	-0.170576
31.120522	-0.168624
31.140522	-0.166630
31.160522	-0.164593
31.180523	-0.162515
31.200523	-0.160395
31.220524	-0.158235
31.240524	-0.156035
31.260525	-0.153795
31.280525	-0.151517
31.300526	-0.149200
31.320526	-0.146845
31.340527	-0.144453
31.360527	-0.142024
31.380527	-0.139560
31.400528	-0.137060
31.420528	-0.134526
31.440529	-0.131957
31.460529	-0.129355
31.480530	-0.126721
31.500530	-0.124054
31.520531	-0.121356
31.540531	-0.118628
31.560532	-0.115869
31.580532	-0.113081
31.600533	-0.110265
31.620533	-0.107421
31.640533	-0.104549
31.660534	-0.101652
31.680534	-0.098728
31.700535	-0.095780
31.720535	-0.092807
31.740536	-0.089812
31.760536	-0.086793
31.780537	-0.083753
31.800537	-0.080691
31.820538	-0.077609
31.840538	-0.074508
31.860538	-0.071388
31.880539	-0.068250
31.900539	-0.065094
31.920540	-0.061923
31.940540	-0.058736
31.960541	-0.055534
31.980541	-0.052318
32.000542	-0.049089
32.020542	-0.045848
32.040543	-0.042595
32.060543	-0.039332
32.080544	-0.036059
32.100544	-0.032776
32.120544	-0.029486
32.140545	-0.026189
32.160545	-0.022885
32.180546	-0.019575
32.200546	-0.016260
32.220547	-0.012942
32.240547	-0.009621
32.260548	-0.006297
32.280548	-0.002972
32.300549	0.000354
32.320549	0.003680
32.340549	0.007004
32.360550	0.010327
32.380550	0.013646
32.400551	0.016962
32.420551	0.020274
32.440552	0.023580
32.460552	0.026880
32.480553	0.030173
32.500553	0.033458
32.520554	0.036734
32.540554	0.040001
32.560555	0.043258
32.580555	0.046503
32.600555	0.049737
32.620556	0.052957
32.640556	0.056164
32.660557	0.059357
32.680557	0.062534
32.700558	0.065695
32.720558	0.068839
32.740559	0.071966
32.760559	0.075074
32.780560	0.078163
32.800560	0.081232
32.820560	0.084280
32.840561	0.087307
32.860561	0.090311
32.880562	0.093292
32.900562	0.096249
32.920563	0.099182
32.940563	0.102089
32.960564	0.104970
32.980564	0.107824
33.000565	0.110651
33.020565	0.113449
33.040565	0.116218
33.060566	0.118958
33.080566	0.121667
33.100567	0.124346
33.120567	0.126992
33.140568	0.129606
33.160568	0.132187
33.180569	0.134734
33.200569	0.137247
33.220570	0.139725
33.240570	0.142167
33.260571	0.144572
33.280571	0.146941
33.300571	0.149273
33.320572	0.151566
33.340572	0.153820
33.360573	0.156036
33.380573	0.158211
33.400574	0.160346
33.420574	0.162441
33.440575	0.164494
33.460575	0.166504
33.480576	0.168473
33.500576	0.170398
33.520576	0.172280
33.540577	0.174118
33.560577	0.175912
33.580578	0.177661
33.600578	0.179364
33.620579	0.181022
33.640579	0.182633
33.660580	0.184198
33.680580	0.185716
33.700581	0.187187
33.720581	0.188610
33.740582	0.189985
33.760582	0.191311
33.780582	0.192589
33.800583	0.193818
33.820583	0.194997
33.840584	0.196126
33.860584	0.197206
33.880585	0.198235
33.900585	0.199213
33.920586	0.200141
33.940586	0.201018
33.960587	0.201844
33.980587	0.202618
34.000587	0.203340
34.020588	0.204011
34.040588	0.204630
34.060589	0.205196
34.080589	0.205711
34.100590	0.206172
34.120590	0.206581
34.140591	0.206938
34.160591	0.207242
34.180592	0.207493
34.200592	0.207691
34.220592	0.207836
34.240593	0.207928
34.260593	0.207967
34.280594	0.207953
34.300594	0.207887
34.320595	0.207767
34.340595	0.207594
34.360596	0.207368
34.380596	0.207090
34.400597	0.206758
34.420597	0.206374
34.440598	0.205938
34.460598	0.205448
34.480598	0.204907
34.500599	0.204313
34.520599	0.203667
34.540600	0.202970
34.560600	0.202220
34.580601	0.201419
34.600601	0.200567
34.620602	0.199663
34.640602	0.198709
34.660603	0.197704
34.680603	0.196649
34.700603	0.195543
34.720604	0.194388
34.740604	0.193183
34.760605	0.191929
34.780605	0.190626
34.800606	0.189274
34.820606	0.187874
34.840607	0.186427
34.860607	0.184931
34.880608	0.183389
34.900608	0.181800
34.920609	0.180164
34.940609	0.178483
34.960609	0.176756
34.980610	0.174984
35.000610	0.173167
35.020611	0.171307
35.040611	0.169402
35.060612	0.167454
35.080612	0.165464
35.100613	0.163432
35.120613	0.161357
35.140614	0.159242
35.160614	0.157086
35.180614	0.154890
35.200615	0.152654
35.220615	0.150380
35.240616	0.148067
35.260616	0.145716
35.280617	0.143329
35.300617	0.140904
35.320618	0.138444
35.340618	0.135948
35.360619	0.133418
35.380619	0.130854
35.400620	0.128256
35.420620	0.125626
35.440620	0.122963
35.460621	0.120269
35.480621	0.117545
35.500622	0.114790
35.520622	0.112007
35.540623	0.109194
35.560623	0.106354
35.580624	0.103487
35.600624	0.100593
35.620625	0.097674
35.640625	0.094729
35.660625	0.091761
35.680626	0.088769
35.700626	0.085754
35.720627	0.082718
35.740627	0.079660
35.760628	0.076582
35.780628	0.073485
35.800629	0.070369
35.820629	0.067234
35.840630	0.064083
35.860630	0.060915
35.880630	0.057732
35.900631	0.054534
35.920631	0.051322
35.940632	0.048097
35.960632	0.044859
35.980633	0.041610
36.000633	0.038351
36.020634	0.035082
36.040634	0.031803
36.060635	0.028517
36.080635	0.025223
36.100636	0.021923
36.120636	0.018617
36.140636	0.015307
36.160637	0.011992
36.180637	0.008675
36.200638	0.005355
36.220638	0.002034
36.240639	-0.001288
36.260639	-0.004610
36.280640	-0.007930
36.300640	-0.011248
36.320641	-0.014564
36.340641	-0.017876
36.360641	-0.021183
36.380642	-0.024485
36.400642	-0.027780
36.420643	-0.031069
36.440643	-0.034350
36.460644	-0.037622
36.480644	-0.040884
36.500645	-0.044136
36.520645	-0.047377
36.540646	-0.050605
36.560646	-0.053821
36.580647	-0.057023
36.600647	-0.060211
36.620647	-0.063383
36.640648	-0.066539
36.660648	-0.069678
36.680649	-0.072799
36.700649	-0.075902
36.720650	-0.078986
36.740650	-0.082049
36.760651	-0.085091
36.780651	-0.088112
36.800652	-0.091110
36.820652	-0.094085
36.840652	-0.097036
36.860653	-0.099963
36.880653	-0.102863
36.900654	-0.105738
36.920654	-0.108585
36.940655	-0.111405
36.960655	-0.114197
36.980656	-0.116959
37.000656	-0.119692
37.020657	-0.122394
37.040657	-0.125065
37.060658	-0.127703
37.080658	-0.130310
37.100658	-0.132883
37.120659	-0.135422
37.140659	-0.137926
37.160660	-0.140396
37.180660	-0.142829
37.200661	-0.145226
37.220661	-0.147586
37.240662	-0.149909
37.260662	-0.152193
37.280663	-0.154438
37.300663	-0.156644
37.320663	-0.158809
37.340664	-0.160935
37.360664	-0.163019
37.380665	-0.165062
37.400665	-0.167062
37.420666	-0.169020
37.440666	-0.170935
37.460667	-0.172806
37.480667	-0.174633
37.500668	-0.176415
37.520668	-0.178153
37.540668	-0.179845
37.560669	-0.181491
37.580669	-0.183090
37.600670	-0.184643
37.620670	-0.186149
37.640671	-0.187607
37.660671	-0.189017
37.680672	-0.190379
37.700672	-0.191693
37.720673	-0.192957
37.740673	-0.194173
37.760674	-0.195338
37.780674	-0.196454
37.800674	-0.197519
37.820675	-0.198535
37.840675	-0.199499
37.860676	-0.200412
37.880676	-0.201275
37.900677	-0.202085
37.920677	-0.202844
37.940678	-0.203552
37.960678	-0.204207
37.980679	-0.204810
38.000679	-0.205361
38.020679	-0.205860
38.040680	-0.206306
38.060680	-0.206699
38.080681	-0.207039
38.100681	-0.207326
38.120682	-0.207561
38.140682	-0.207742
38.160683	-0.207870
38.180683	-0.207946
38.200684	-0.207968
38.220684	-0.207937
38.240685	-0.207853
38.260685	-0.207715
38.280685	-0.207525
38.300686	-0.207281
38.320686	-0.206985
38.340687	-0.206636
38.360687	-0.206234
38.380688	-0.205779
38.400688	-0.205271
38.420689	-0.204711
38.440689	-0.204099
38.460690	-0.203435
38.480690	-0.202718
38.500690	-0.201950
38.520691	-0.201130
38.540691	-0.200259
38.560692	-0.199336
38.580692	-0.198363
38.600693	-0.197339
38.620693	-0.196264
38.640694	-0.195139
38.660694	-0.193965
38.680695	-0.192740
38.700695	-0.191467
38.720695	-0.190144
38.740696	-0.188773
38.760696	-0.187354
38.780697	-0.185886
38.800697	-0.184371
38.820698	-0.182809
38.840698	-0.181200
38.860699	-0.179545
38.880699	-0.177844
38.900700	-0.176098
38.920700	-0.174306
38.940701	-0.172470
38.960701	-0.170590
38.980701	-0.168666
39.000702	-0.166699
39.020702	-0.164689
39.040703	-0.162637
39.060703	-0.160544
39.080704	-0.158409
39.100704	-0.156234
39.120705	-0.154019
39.140705	-0.151764
39.160706	-0.149471
39.180706	-0.147139
39.200706	-0.144770
39.220707	-0.142364
39.240707	-0.139921
39.260708	-0.137442
39.280708	-0.134929
39.300709	-0.132380
39.320709	-0.129798
39.340710	-0.127183
39.360710	-0.124535
39.380711	-0.121855
39.400711	-0.119144
39.420712	-0.116402
39.440712	-0.113631
39.460712	-0.110831
39.480713	-0.108002
39.500713	-0.105145
39.520714	-0.102262
39.540714	-0.099352
39.560715	-0.096417
39.580715	-0.093457
39.600716	-0.090473
39.620716	-0.087466
39.640717	-0.084437
39.660717	-0.081386
39.680717	-0.078314
39.700718	-0.075222
39.720718	-0.072111
39.740719	-0.068981
39.760719	-0.065834
39.780720	-0.062669
39.800720	-0.059489
39.820721	-0.056293
39.840721	-0.053083
39.860722	-0.049860
39.880722	-0.046623
39.900723	-0.043374
39.920723	-0.040115
39.940723	-0.036845
39.960724	-0.033565
39.980724	-0.030277
