0.000000	1.000000
0.020000	1.000000
0.040000	0.999603
0.060000	0.998813
0.080000	0.997633
0.100000	0.996066
0.120000	0.994117
0.140000	0.991789
0.160000	0.989085
0.180000	0.986011
0.200000	0.982570
0.220000	0.978766
0.240000	0.974604
0.260000	0.970089
0.280000	0.965224
0.300000	0.960015
0.320000	0.954467
0.340000	0.948583
0.360000	0.942371
0.380000	0.935833
0.400000	0.928976
0.420000	0.921805
0.440000	0.914325
0.460000	0.906542
0.480000	0.898461
0.500000	0.890087
0.520000	0.881427
0.540000	0.872486
0.560000	0.863270
0.580000	0.853784
0.600000	0.844035
0.620000	0.834028
0.640000	0.823770
0.660000	0.813266
0.680000	0.802523
0.700000	0.791547
0.720000	0.780344
0.740000	0.768921
0.760000	0.757282
0.780000	0.745436
0.800000	0.733388
0.820000	0.721145
0.840000	0.708712
0.860000	0.696098
0.880000	0.683307
0.900000	0.670346
0.920000	0.657222
0.940000	0.643942
0.960000	0.630512
0.980000	0.616938
1.000000	0.603227
1.020000	0.589385
1.040000	0.575420
1.060000	0.561337
1.080000	0.547143
1.100000	0.532844
1.120000	0.518448
1.140000	0.503960
1.159999	0.489387
1.179999	0.474736
1.199999	0.460013
1.219999	0.445224
1.239999	0.430375
1.259999	0.415474
1.279999	0.400526
1.299999	0.385538
1.319999	0.370516
1.339999	0.355466
1.359999	0.340394
1.379999	0.325307
1.399999	0.310211
1.419999	0.295111
1.439999	0.280015
1.459999	0.264926
1.479999	0.249853
1.499999	0.234800
1.519999	0.219773
1.539999	0.204778
1.559999	0.189821
1.579999	0.174908
1.599999	0.160043
1.619999	0.145233
1.639999	0.130483
1.659999	0.115798
1.679999	0.101184
1.699999	0.086645
1.719999	0.072188
1.739999	0.057816
1.759999	0.043536
1.779999	0.029352
1.799999	0.015269
1.819999	0.001291
1.839999	-0.012576
1.859999	-0.026328
1.879999	-0.039960
1.899999	-0.053469
1.919999	-0.066849
1.939999	-0.080096
1.959999	-0.093206
1.979999	-0.106176
1.999999	-0.119000
2.019999	-0.131675
2.039999	-0.144198
2.059999	-0.156564
2.079999	-0.168769
2.099999	-0.180811
2.119999	-0.192685
2.139999	-0.204389
2.159999	-0.215919
2.179999	-0.227271
2.199999	-0.238444
2.219999	-0.249433
2.239999	-0.260236
2.259999	-0.270849
2.279999	-0.281271
2.299999	-0.291499
2.319999	-0.301530
2.339998	-0.311362
2.359998	-0.320992
2.379998	-0.330418
2.399998	-0.339639
2.419998	-0.348651
2.439998	-0.357454
2.459998	-0.366045
2.479998	-0.374422
2.499998	-0.382585
2.519998	-0.390531
2.539998	-0.398259
2.559998	-0.405767
2.579998	-0.413055
2.599998	-0.420121
2.619998	-0.426965
2.639998	-0.433585
2.659998	-0.439980
2.679998	-0.446150
2.699998	-0.452094
2.719998	-0.457811
2.739998	-0.463302
2.759998	-0.468565
2.779998	-0.473600
2.799998	-0.478407
2.819998	-0.482987
2.839998	-0.487338
2.859998	-0.491462
2.879998	-0.495358
2.899998	-0.499027
2.919998	-0.502468
2.939998	-0.505682
2.959998	-0.508671
2.979998	-0.511433
2.999998	-0.513971
3.019998	-0.516285
3.039998	-0.518376
3.059998	-0.520245
3.079998	-0.521892
3.099998	-0.523319
3.119998	-0.524527
3.139998	-0.525518
3.159998	-0.526292
3.179998	-0.526851
3.199998	-0.527197
3.219998	-0.527331
3.239998	-0.527254
3.259998	-0.526969
3.279998	-0.526477
3.299998	-0.525781
3.319998	-0.524881
3.339998	-0.523780
3.359998	-0.522479
3.379997	-0.520982
3.399997	-0.519290
3.419997	-0.517406
3.439997	-0.515331
3.459997	-0.513068
3.479997	-0.510620
3.499997	-0.507988
3.519997	-0.505176
3.539997	-0.502185
3.559997	-0.499019
3.579997	-0.495680
3.599997	-0.492171
3.619997	-0.488495
3.639997	-0.484653
3.659997	-0.480650
3.679997	-0.476489
3.699997	-0.472171
3.719997	-0.467700
3.739997	-0.463079
3.759997	-0.458310
3.779997	-0.453398
3.799997	-0.448345
3.819997	-0.443154
3.839997	-0.437829
3.859997	-0.432372
3.879997	-0.426787
3.899997	-0.421077
3.919997	-0.415245
3.939997	-0.409294
3.959997	-0.403229
3.979997	-0.397052
3.999997	-0.390766
4.019997	-0.384375
4.039997	-0.377882
4.059997	-0.371291
4.079997	-0.364604
4.099997	-0.357827
4.119997	-0.350961
4.139997	-0.344010
4.159997	-0.336978
4.179997	-0.329868
4.199997	-0.322683
4.219997	-0.315428
4.239997	-0.308105
4.259997	-0.300718
4.279997	-0.293270
4.299997	-0.285765
4.319997	-0.278206
4.339997	-0.270597
4.359997	-0.262941
4.379997	-0.255241
4.399997	-0.247501
4.419997	-0.239724
4.439997	-0.231914
4.459997	-0.224074
4.479997	-0.216207
4.499997	-0.208317
4.519997	-0.200406
4.539997	-0.192479
4.559997	-0.184539
4.579997	-0.176588
4.599997	-0.168631
4.619997	-0.160669
4.639997	-0.152707
4.659997	-0.144748
4.679996	-0.136794
4.699996	-0.128849
4.719996	-0.120917
4.739996	-0.112999
4.759996	-0.105099
4.779996	-0.097220
4.799996	-0.089365
4.819996	-0.081537
4.839996	-0.073739
4.859996	-0.065973
4.879996	-0.058243
4.899996	-0.050551
4.919996	-0.042900
4.939996	-0.035293
4.959996	-0.027732
4.979996	-0.020220
4.999996	-0.012760
5.019996	-0.005354
5.039996	0.001995
5.059996	0.009286
5.079996	0.016515
5.099996	0.023679
5.119996	0.030778
5.139996	0.037808
5.159996	0.044767
5.179996	0.051654
5.199996	0.058465
5.219996	0.065199
5.239996	0.071853
5.259996	0.078426
5.279996	0.084916
5.299996	0.091321
5.319996	0.097639
5.339996	0.103868
5.359996	0.110006
5.379996	0.116051
5.399996	0.122003
5.419996	0.127859
5.439996	0.133618
5.459996	0.139278
5.479996	0.144838
5.499996	0.150297
5.519996	0.155652
5.539996	0.160904
5.559996	0.166049
5.579996	0.171088
5.599996	0.176019
5.619996	0.180841
5.639996	0.185553
5.659996	0.190154
5.679996	0.194643
5.699996	0.199020
5.719995	0.203282
5.739995	0.207430
5.759995	0.211463
5.779995	0.215380
5.799995	0.219180
5.819995	0.222863
5.839995	0.226429
5.859995	0.229876
5.879995	0.233205
5.899995	0.236415
5.919995	0.239505
5.939995	0.242476
5.959995	0.245328
5.979995	0.248059
5.999995	0.250670
6.019995	0.253161
6.039995	0.255532
6.059995	0.257782
6.079995	0.259913
6.099995	0.261923
6.119995	0.263813
6.139995	0.265584
6.159995	0.267235
6.179995	0.268767
6.199995	0.270181
6.219995	0.271476
6.239995	0.272653
6.259995	0.273712
6.279995	0.274654
6.299995	0.275480
6.319995	0.276190
6.339995	0.276785
6.359995	0.277265
6.379995	0.277632
6.399995	0.277885
6.419995	0.278026
6.439995	0.278056
6.459995	0.277975
6.479995	0.277785
6.499995	0.277485
6.519995	0.277078
6.539995	0.276565
6.559995	0.275946
6.579995	0.275222
6.599995	0.274394
6.619995	0.273465
6.639995	0.272434
6.659995	0.271303
6.679995	0.270074
6.699995	0.268747
6.719995	0.267325
6.739995	0.265807
6.759995	0.264196
6.779994	0.262493
6.799994	0.260699
6.819994	0.258816
6.839994	0.256845
6.859994	0.254789
6.879994	0.252647
6.899994	0.250422
6.919994	0.248115
6.939994	0.245728
6.959994	0.243263
6.979994	0.240721
6.999994	0.238103
7.019994	0.235412
7.039994	0.232648
7.059994	0.229815
7.079994	0.226912
7.099994	0.223943
7.119994	0.220908
7.139994	0.217810
7.159994	0.214649
7.179994	0.211429
7.199994	0.208151
7.219994	0.204815
7.239994	0.201426
7.259994	0.197983
7.279994	0.194488
7.299994	0.190945
7.319994	0.187354
7.339994	0.183717
7.359994	0.180036
7.379994	0.176312
7.399994	0.172549
7.419994	0.168746
7.439994	0.164907
7.459994	0.161033
7.479994	0.157126
7.499994	0.153188
7.519994	0.149220
7.539994	0.145224
7.559994	0.141202
7.579994	0.137156
7.599994	0.133088
7.619994	0.129000
7.639994	0.124892
7.659994	0.120768
7.679994	0.116629
7.699994	0.112476
7.719994	0.108311
7.739994	0.104137
7.759994	0.099954
7.779994	0.095765
7.799994	0.091571
7.819993	0.087374
7.839993	0.083176
7.859993	0.078978
7.879993	0.074782
7.899993	0.070590
7.919993	0.066403
7.939993	0.062222
7.959993	0.058051
7.979993	0.053889
7.999993	0.049739
8.019994	0.045602
8.039994	0.041480
8.059995	0.037374
8.079995	0.033286
8.099996	0.029218
8.119996	0.025169
8.139997	0.021143
8.159997	0.017141
8.179997	0.013164
8.199998	0.009213
8.219998	0.005289
8.239999	0.001395
8.259999	-0.002469
8.280000	-0.006302
8.300000	-0.010101
8.320001	-0.013866
8.340001	-0.017596
8.360002	-0.021290
8.380002	-0.024945
8.400002	-0.028562
8.420003	-0.032138
8.440003	-0.035674
8.460004	-0.039167
8.480004	-0.042617
8.500005	-0.046023
8.520005	-0.049383
8.540006	-0.052697
8.560006	-0.055964
8.580007	-0.059183
8.600007	-0.062353
8.620008	-0.065473
8.640008	-0.068542
8.660008	-0.071559
8.680009	-0.074525
8.700009	-0.077437
8.720010	-0.080295
8.740010	-0.083099
8.760011	-0.085847
8.780011	-0.088540
8.800012	-0.091176
8.820012	-0.093755
8.840013	-0.096277
8.860013	-0.098740
8.880013	-0.101144
8.900014	-0.103490
8.920014	-0.105775
8.940015	-0.108001
8.960015	-0.110166
8.980016	-0.112270
9.000016	-0.114313
9.020017	-0.116294
9.040017	-0.118213
9.060018	-0.120071
9.080018	-0.121865
9.100019	-0.123598
9.120019	-0.125267
9.140019	-0.126874
9.160020	-0.128417
9.180020	-0.129898
9.200021	-0.131314
9.220021	-0.132668
9.240022	-0.133958
9.260022	-0.135185
9.280023	-0.136349
9.300023	-0.137449
9.320024	-0.138486
9.340024	-0.139459
9.360024	-0.140370
9.380025	-0.141218
9.400025	-0.142003
9.420026	-0.142725
9.440026	-0.143385
9.460027	-0.143983
9.480027	-0.144519
9.500028	-0.144993
9.520028	-0.145406
9.540029	-0.145759
9.560029	-0.146050
9.580029	-0.146281
9.600030	-0.146453
9.620030	-0.146565
9.640031	-0.146618
9.660031	-0.146612
9.680032	-0.146548
9.700032	-0.146427
9.720033	-0.146248
9.740033	-0.146013
9.760034	-0.145722
9.780034	-0.145375
9.800035	-0.144973
9.820035	-0.144517
9.840035	-0.144007
9.860036	-0.143444
9.880036	-0.142829
9.900037	-0.142162
9.920037	-0.141444
9.940038	-0.140675
9.960038	-0.139857
9.980039	-0.138990
10.000039	-0.138074
10.020040	-0.137111
10.040040	-0.136101
10.060040	-0.135045
10.080041	-0.133944
10.100041	-0.132799
10.120042	-0.131609
10.140042	-0.130378
10.160043	-0.129104
10.180043	-0.127789
10.200044	-0.126434
10.220044	-0.125039
10.240045	-0.123606
10.260045	-0.122135
10.280046	-0.120628
10.300046	-0.119084
10.320046	-0.117506
10.340047	-0.115893
10.360047	-0.114248
10.380048	-0.112570
10.400048	-0.110860
10.420049	-0.109121
10.440049	-0.107351
10.460050	-0.105554
10.480050	-0.103728
10.500051	-0.101876
10.520051	-0.099998
10.540051	-0.098096
10.560052	-0.096169
10.580052	-0.094220
10.600053	-0.092249
10.620053	-0.090257
10.640054	-0.088244
10.660054	-0.086213
10.680055	-0.084164
10.700055	-0.082098
10.720056	-0.080015
10.740056	-0.077917
10.760056	-0.075805
10.780057	-0.073680
10.800057	-0.071542
10.820058	-0.069393
10.840058	-0.067233
10.860059	-0.065064
10.880059	-0.062886
10.900060	-0.060701
10.920060	-0.058508
10.940061	-0.056310
10.960061	-0.054107
10.980062	-0.051900
11.000062	-0.049690
11.020062	-0.047478
11.040063	-0.045265
11.060063	-0.043051
11.080064	-0.040838
11.100064	-0.038626
11.120065	-0.036416
11.140065	-0.034209
11.160066	-0.032007
11.180066	-0.029809
11.200067	-0.027616
11.220067	-0.025430
11.240067	-0.023252
11.260068	-0.021081
11.280068	-0.018920
11.300069	-0.016767
11.320069	-0.014626
11.340070	-0.012495
11.360070	-0.010377
11.380071	-0.008271
11.400071	-0.006179
11.420072	-0.004101
11.440072	-0.002037
11.460073	0.000010
11.480073	0.002042
11.500073	0.004057
11.520074	0.006053
11.540074	0.008032
11.560075	0.009992
11.580075	0.011932
11.600076	0.013853
11.620076	0.015752
11.640077	0.017630
11.660077	0.019486
11.680078	0.021320
11.700078	0.023131
11.720078	0.024918
11.740079	0.026681
11.760079	0.028420
11.780080	0.030133
11.800080	0.031821
11.820081	0.033483
11.840081	0.035118
11.860082	0.036727
11.880082	0.038308
11.900083	0.039861
11.920083	0.041387
11.940084	0.042883
11.960084	0.044351
11.980084	0.045790
12.000085	0.047199
12.020085	0.048578
12.040086	0.049927
12.060086	0.051245
12.080087	0.052533
12.100087	0.053789
12.120088	0.055015
12.140088	0.056208
12.160089	0.057370
12.180089	0.058500
12.200089	0.059598
12.220090	0.060663
12.240090	0.061696
12.260091	0.062696
12.280091	0.063664
12.300092	0.064598
12.320092	0.065499
12.340093	0.066368
12.360093	0.067203
12.380094	0.068004
12.400094	0.068773
12.420094	0.069508
12.440095	0.070209
12.460095	0.070877
12.480096	0.071512
12.500096	0.072113
12.520097	0.072681
12.540097	0.073216
12.560098	0.073717
12.580098	0.074185
12.600099	0.074620
12.620099	0.075022
12.640100	0.075391
12.660100	0.075727
12.680100	0.076030
12.700101	0.076301
12.720101	0.076539
12.740102	0.076745
12.760102	0.076919
12.780103	0.077061
12.800103	0.077172
12.820104	0.077251
12.840104	0.077298
12.860105	0.077315
12.880105	0.077301
12.900105	0.077256
12.920106	0.077181
12.940106	0.077076
12.960107	0.076941
12.980107	0.076776
13.000108	0.076583
13.020108	0.076361
13.040109	0.076110
13.060109	0.075831
13.080110	0.075524
13.100110	0.075189
13.120111	0.074828
13.140111	0.074439
13.160111	0.074024
13.180112	0.073583
13.200112	0.073117
13.220113	0.072625
13.240113	0.072108
13.260114	0.071566
13.280114	0.071001
13.300115	0.070411
13.320115	0.069799
13.340116	0.069164
13.360116	0.068506
13.380116	0.067826
13.400117	0.067125
13.420117	0.066403
13.440118	0.065660
13.460118	0.064897
13.480119	0.064115
13.500119	0.063313
13.520120	0.062492
13.540120	0.061653
13.560121	0.060796
13.580121	0.059922
13.600121	0.059031
13.620122	0.058124
13.640122	0.057201
13.660123	0.056262
13.680123	0.055309
13.700124	0.054341
13.720124	0.053359
13.740125	0.052364
13.760125	0.051356
13.780126	0.050336
13.800126	0.049304
13.820127	0.048260
13.840127	0.047206
13.860127	0.046141
13.880128	0.045067
13.900128	0.043983
13.920129	0.042890
13.940129	0.041789
13.960130	0.040680
13.980130	0.039563
14.000131	0.038440
14.020131	0.037310
14.040132	0.036175
14.060132	0.035034
14.080132	0.033889
14.100133	0.032739
14.120133	0.031585
14.140134	0.030428
14.160134	0.029268
14.180135	0.028106
14.200135	0.026941
14.220136	0.025775
14.240136	0.024609
14.260137	0.023441
14.280137	0.022274
14.300138	0.021107
14.320138	0.019941
14.340138	0.018776
14.360139	0.017613
14.380139	0.016453
14.400140	0.015295
14.420140	0.014140
14.440141	0.012989
14.460141	0.011841
14.480142	0.010698
14.500142	0.009560
14.520143	0.008428
14.540143	0.007300
14.560143	0.006179
14.580144	0.005065
14.600144	0.003957
14.620145	0.002856
14.640145	0.001763
14.660146	0.000678
14.680146	-0.000399
14.700147	-0.001467
14.720147	-0.002526
14.740148	-0.003575
14.760148	-0.004615
14.780149	-0.005645
14.800149	-0.006664
14.820149	-0.007672
14.840150	-0.008670
14.860150	-0.009656
14.880151	-0.010631
14.900151	-0.011593
14.920152	-0.012543
14.940152	-0.013481
14.960153	-0.014406
14.980153	-0.015318
15.000154	-0.016217
15.020154	-0.017102
15.040154	-0.017973
15.060155	-0.018830
15.080155	-0.019673
15.100156	-0.020502
15.120156	-0.021315
15.140157	-0.022114
15.160157	-0.022898
15.180158	-0.023666
15.200158	-0.024419
15.220159	-0.025156
15.240159	-0.025878
15.260159	-0.026583
15.280160	-0.027272
15.300160	-0.027945
15.320161	-0.028602
15.340161	-0.029242
15.360162	-0.029865
15.380162	-0.030472
15.400163	-0.031061
15.420163	-0.031634
15.440164	-0.032189
15.460164	-0.032728
15.480165	-0.033249
15.500165	-0.033753
15.520165	-0.034239
15.540166	-0.034708
15.560166	-0.035159
15.580167	-0.035593
15.600167	-0.036009
15.620168	-0.036408
15.640168	-0.036789
15.660169	-0.037153
15.680169	-0.037499
15.700170	-0.037827
15.720170	-0.038137
15.740170	-0.038430
15.760171	-0.038706
15.780171	-0.038964
15.800172	-0.039204
15.820172	-0.039427
15.840173	-0.039633
15.860173	-0.039821
15.880174	-0.039992
15.900174	-0.040145
15.920175	-0.040282
15.940175	-0.040401
15.960176	-0.040504
15.980176	-0.040589
16.000175	-0.040658
16.020176	-0.040710
16.040176	-0.040746
16.060177	-0.040765
16.080177	-0.040768
16.100178	-0.040754
16.120178	-0.040725
16.140179	-0.040679
16.160179	-0.040618
16.180180	-0.040541
16.200180	-0.040449
16.220181	-0.040341
16.240181	-0.040219
16.260181	-0.040081
16.280182	-0.039928
16.300182	-0.039761
16.320183	-0.039580
16.340183	-0.039384
16.360184	-0.039174
16.380184	-0.038950
16.400185	-0.038712
16.420185	-0.038461
16.440186	-0.038197
16.460186	-0.037920
16.480186	-0.037630
16.500187	-0.037327
16.520187	-0.037012
16.540188	-0.036684
16.560188	-0.036345
16.580189	-0.035994
16.600189	-0.035631
16.620190	-0.035258
16.640190	-0.034873
16.660191	-0.034477
16.680191	-0.034071
16.700191	-0.033654
16.720192	-0.033228
16.740192	-0.032792
16.760193	-0.032346
16.780193	-0.031891
16.800194	-0.031426
16.820194	-0.030953
16.840195	-0.030472
16.860195	-0.029982
16.880196	-0.029484
16.900196	-0.028979
16.920197	-0.028466
16.940197	-0.027946
16.960197	-0.027418
16.980198	-0.026885
17.000198	-0.026344
17.020199	-0.025798
17.040199	-0.025245
17.060200	-0.024687
17.080200	-0.024124
17.100201	-0.023556
17.120201	-0.022982
17.140202	-0.022404
17.160202	-0.021822
17.180202	-0.021236
17.200203	-0.020646
17.220203	-0.020052
17.240204	-0.019456
17.260204	-0.018856
17.280205	-0.018254
17.300205	-0.017649
17.320206	-0.017042
17.340206	-0.016432
17.360207	-0.015822
17.380207	-0.015210
17.400208	-0.014596
17.420208	-0.013982
17.440208	-0.013367
17.460209	-0.012752
17.480209	-0.012136
17.500210	-0.011521
17.520210	-0.010905
17.540211	-0.010291
17.560211	-0.009677
17.580212	-0.009064
17.600212	-0.008453
17.620213	-0.007843
17.640213	-0.007234
17.660213	-0.006628
17.680214	-0.006024
17.700214	-0.005422
17.720215	-0.004823
17.740215	-0.004227
17.760216	-0.003634
17.780216	-0.003044
17.800217	-0.002457
17.820217	-0.001874
17.840218	-0.001295
17.860218	-0.000721
17.880219	-0.000150
17.900219	0.000416
17.920219	0.000978
17.940220	0.001534
17.960220	0.002086
17.980221	0.002632
18.000221	0.003173
18.020222	0.003709
18.040222	0.004238
18.060223	0.004762
18.080223	0.005280
18.100224	0.005791
18.120224	0.006297
18.140224	0.006795
18.160225	0.007287
18.180225	0.007773
18.200226	0.008251
18.220226	0.008722
18.240227	0.009186
18.260227	0.009643
18.280228	0.010092
18.300228	0.010534
18.320229	0.010968
18.340229	0.011394
18.360229	0.011812
18.380230	0.012223
18.400230	0.012625
18.420231	0.013019
18.440231	0.013405
18.460232	0.013782
18.480232	0.014151
18.500233	0.014511
18.520233	0.014863
18.540234	0.015206
18.560234	0.015540
18.580235	0.015866
18.600235	0.016182
18.620235	0.016490
18.640236	0.016788
18.660236	0.017078
18.680237	0.017359
18.700237	0.017630
18.720238	0.017892
18.740238	0.018145
18.760239	0.018389
18.780239	0.018624
18.800240	0.018849
18.820240	0.019066
18.840240	0.019272
18.860241	0.019470
18.880241	0.019658
18.900242	0.019837
18.920242	0.020007
18.940243	0.020167
18.960243	0.020318
18.980244	0.020460
19.000244	0.020593
19.020245	0.020716
19.040245	0.020831
19.060246	0.020936
19.080246	0.021031
19.100246	0.021118
19.120247	0.021196
19.140247	0.021265
19.160248	0.021324
19.180248	0.021375
19.200249	0.021417
19.220249	0.021450
19.240250	0.021474
19.260250	0.021490
19.280251	0.021497
19.300251	0.021495
19.320251	0.021485
19.340252	0.021466
19.360252	0.021439
19.380253	0.021404
19.400253	0.021361
19.420254	0.021309
19.440254	0.021249
19.460255	0.021182
19.480255	0.021106
19.500256	0.021023
19.520256	0.020932
19.540257	0.020833
19.560257	0.020727
19.580257	0.020614
19.600258	0.020493
19.620258	0.020365
19.640259	0.020230
19.660259	0.020089
19.680260	0.019940
19.700260	0.019784
19.720261	0.019622
19.740261	0.019454
19.760262	0.019279
19.780262	0.019098
19.800262	0.018910
19.820263	0.018717
19.840263	0.018518
19.860264	0.018313
19.880264	0.018102
19.900265	0.017886
19.920265	0.017664
19.940266	0.017437
19.960266	0.017205
19.980267	0.016968
20.000267	0.016727
20.020267	0.016480
20.040268	0.016229
20.060268	0.015974
20.080269	0.015714
20.100269	0.015450
20.120270	0.015182
20.140270	0.014910
20.160271	0.014634
20.180271	0.014355
20.200272	0.014072
20.220272	0.013786
20.240273	0.013497
20.260273	0.013204
20.280273	0.012909
20.300274	0.012611
20.320274	0.012310
20.340275	0.012007
20.360275	0.011701
20.380276	0.011394
20.400276	0.011084
20.420277	0.010772
20.440277	0.010458
20.460278	0.010143
20.480278	0.009826
20.500278	0.009508
20.520279	0.009189
20.540279	0.008868
20.560280	0.008547
20.580280	0.008224
20.600281	0.007901
20.620281	0.007578
20.640282	0.007254
20.660282	0.006929
20.680283	0.006605
20.700283	0.006280
20.720284	0.005956
20.740284	0.005632
20.760284	0.005308
20.780285	0.004984
20.800285	0.004661
20.820286	0.004339
20.840286	0.004018
20.860287	0.003697
20.880287	0.003378
20.900288	0.003060
20.920288	0.002743
20.940289	0.002428
20.960289	0.002114
20.980289	0.001802
21.000290	0.001491
21.020290	0.001183
21.040291	0.000876
21.060291	0.000572
21.080292	0.000269
21.100292	-0.000031
21.120293	-0.000328
21.140293	-0.000623
21.160294	-0.000916
21.180294	-0.001206
21.200294	-0.001493
21.220295	-0.001777
21.240295	-0.002058
21.260296	-0.002336
21.280296	-0.002611
21.300297	-0.002883
21.320297	-0.003152
21.340298	-0.003417
21.360298	-0.003679
21.380299	-0.003937
21.400299	-0.004191
21.420300	-0.004442
21.440300	-0.004689
21.460300	-0.004933
21.480301	-0.005172
21.500301	-0.005407
21.520302	-0.005639
21.540302	-0.005866
21.560303	-0.006089
21.580303	-0.006308
21.600304	-0.006523
21.620304	-0.006734
21.640305	-0.006940
21.660305	-0.007142
21.680305	-0.007339
21.700306	-0.007532
21.720306	-0.007720
21.740307	-0.007904
21.760307	-0.008083
21.780308	-0.008258
21.800308	-0.008428
21.820309	-0.008593
21.840309	-0.008753
21.860310	-0.008909
21.880310	-0.009060
21.900311	-0.009206
21.920311	-0.009348
21.940311	-0.009484
21.960312	-0.009616
21.980312	-0.009743
22.000313	-0.009864
22.020313	-0.009982
22.040314	-0.010094
22.060314	-0.010201
22.080315	-0.010303
22.100315	-0.010401
22.120316	-0.010493
22.140316	-0.010581
22.160316	-0.010664
22.180317	-0.010742
22.200317	-0.010815
22.220318	-0.010883
22.240318	-0.010946
22.260319	-0.011005
22.280319	-0.011058
22.300320	-0.011107
22.320320	-0.011151
22.340321	-0.011190
22.360321	-0.011225
22.380322	-0.011255
22.400322	-0.011280
22.420322	-0.011300
22.440323	-0.011316
22.460323	-0.011327
22.480324	-0.011333
22.500324	-0.011335
22.520325	-0.011333
22.540325	-0.011326
22.560326	-0.011314
22.580326	-0.011299
22.600327	-0.011278
22.620327	-0.011254
22.640327	-0.011225
22.660328	-0.011192
22.680328	-0.011155
22.700329	-0.011114
22.720329	-0.011068
22.740330	-0.011019
22.760330	-0.010965
22.780331	-0.010908
22.800331	-0.010847
22.820332	-0.010782
22.840332	-0.010713
22.860332	-0.010640
22.880333	-0.010564
22.900333	-0.010485
22.920334	-0.010401
22.940334	-0.010315
22.960335	-0.010224
22.980335	-0.010131
23.000336	-0.010034
23.020336	-0.009934
23.040337	-0.009831
23.060337	-0.009725
23.080338	-0.009616
23.100338	-0.009504
23.120338	-0.009389
23.140339	-0.009271
23.160339	-0.009150
23.180340	-0.009027
23.200340	-0.008901
23.220341	-0.008773
23.240341	-0.008642
23.260342	-0.008508
23.280342	-0.008373
23.300343	-0.008235
23.320343	-0.008095
23.340343	-0.007953
23.360344	-0.007809
23.380344	-0.007663
23.400345	-0.007515
23.420345	-0.007365
23.440346	-0.007214
23.460346	-0.007060
23.480347	-0.006906
23.500347	-0.006749
23.520348	-0.006592
23.540348	-0.006433
23.560349	-0.006272
23.580349	-0.006111
23.600349	-0.005948
23.620350	-0.005784
23.640350	-0.005620
23.660351	-0.005454
23.680351	-0.005287
23.700352	-0.005120
23.720352	-0.004952
23.740353	-0.004783
23.760353	-0.004614
23.780354	-0.004444
23.800354	-0.004274
23.820354	-0.004104
23.840355	-0.003933
23.860355	-0.003762
23.880356	-0.003591
23.900356	-0.003420
23.920357	-0.003249
23.940357	-0.003078
23.960358	-0.002907
23.980358	-0.002736
24.000359	-0.002566
24.020359	-0.002395
24.040359	-0.002226
24.060360	-0.002056
24.080360	-0.001888
24.100361	-0.001720
24.120361	-0.001552
24.140362	-0.001385
24.160362	-0.001219
24.180363	-0.001054
24.200363	-0.000890
24.220364	-0.000726
24.240364	-0.000564
24.260365	-0.000403
24.280365	-0.000243
24.300365	-0.000084
24.320366	0.000074
24.340366	0.000230
24.360367	0.000386
24.380367	0.000539
24.400368	0.000692
24.420368	0.000842
24.440369	0.000992
24.460369	0.001139
24.480370	0.001285
24.500370	0.001430
24.520370	0.001573
24.540371	0.001714
24.560371	0.001853
24.580372	0.001990
24.600372	0.002125
24.620373	0.002259
24.640373	0.002391
24.660374	0.002520
24.680374	0.002648
24.700375	0.002773
24.720375	0.002896
24.740376	0.003018
24.760376	0.003137
24.780376	0.003254
24.800377	0.003368
24.820377	0.003481
24.840378	0.003591
24.860378	0.003699
24.880379	0.003804
24.900379	0.003908
24.920380	0.004008
24.940380	0.004107
24.960381	0.004203
24.980381	0.004296
25.000381	0.004388
25.020382	0.004476
25.040382	0.004562
25.060383	0.004646
25.080383	0.004727
25.100384	0.004806
25.120384	0.004882
25.140385	0.004956
25.160385	0.005027
25.180386	0.005095
25.200386	0.005161
25.220387	0.005225
25.240387	0.005285
25.260387	0.005344
25.280388	0.005399
25.300388	0.005452
25.320389	0.005503
25.340389	0.005551
25.360390	0.005596
25.380390	0.005639
25.400391	0.005679
25.420391	0.005716
25.440392	0.005751
25.460392	0.005784
25.480392	0.005814
25.500393	0.005841
25.520393	0.005866
25.540394	0.005888
25.560394	0.005908
25.580395	0.005925
25.600395	0.005940
25.620396	0.005952
25.640396	0.005962
25.660397	0.005969
25.680397	0.005974
25.700397	0.005977
25.720398	0.005977
25.740398	0.005975
25.760399	0.005970
25.780399	0.005963
25.800400	0.005954
25.820400	0.005943
25.840401	0.005929
25.860401	0.005913
25.880402	0.005895
25.900402	0.005874
25.920403	0.005852
25.940403	0.005827
25.960403	0.005800
25.980404	0.005771
26.000404	0.005740
26.020405	0.005707
26.040405	0.005672
26.060406	0.005635
26.080406	0.005596
26.100407	0.005556
26.120407	0.005513
26.140408	0.005468
26.160408	0.005422
26.180408	0.005374
26.200409	0.005324
26.220409	0.005272
26.240410	0.005219
26.260410	0.005164
26.280411	0.005107
26.300411	0.005049
26.320412	0.004989
26.340412	0.004928
26.360413	0.004865
26.380413	0.004801
26.400414	0.004736
26.420414	0.004669
26.440414	0.004601
26.460415	0.004531
26.480415	0.004461
26.500416	0.004389
26.520416	0.004316
26.540417	0.004241
26.560417	0.004166
26.580418	0.004090
26.600418	0.004012
26.620419	0.003934
26.640419	0.003855
26.660419	0.003774
26.680420	0.003693
26.700420	0.003611
26.720421	0.003529
26.740421	0.003445
26.760422	0.003361
26.780422	0.003276
26.800423	0.003191
26.820423	0.003105
26.840424	0.003018
26.860424	0.002931
26.880424	0.002844
26.900425	0.002756
26.920425	0.002667
26.940426	0.002579
26.960426	0.002490
26.980427	0.002400
27.000427	0.002311
27.020428	0.002221
27.040428	0.002131
27.060429	0.002041
27.080429	0.001951
27.100430	0.001861
27.120430	0.001770
27.140430	0.001680
27.160431	0.001590
27.180431	0.001500
27.200432	0.001410
27.220432	0.001320
27.240433	0.001230
27.260433	0.001141
27.280434	0.001052
27.300434	0.000963
27.320435	0.000874
27.340435	0.000786
27.360435	0.000698
27.380436	0.000611
27.400436	0.000524
27.420437	0.000438
27.440437	0.000352
27.460438	0.000266
27.480438	0.000182
27.500439	0.000097
27.520439	0.000014
27.540440	-0.000069
27.560440	-0.000151
27.580441	-0.000233
27.600441	-0.000314
27.620441	-0.000394
27.640442	-0.000473
27.660442	-0.000551
27.680443	-0.000629
27.700443	-0.000706
27.720444	-0.000782
27.740444	-0.000856
27.760445	-0.000930
27.780445	-0.001003
27.800446	-0.001075
27.820446	-0.001147
27.840446	-0.001217
27.860447	-0.001286
27.880447	-0.001353
27.900448	-0.001420
27.920448	-0.001486
27.940449	-0.001551
27.960449	-0.001614
27.980450	-0.001677
28.000450	-0.001738
28.020451	-0.001798
28.040451	-0.001857
28.060452	-0.001914
28.080452	-0.001971
28.100452	-0.002026
28.120453	-0.002080
28.140453	-0.002133
28.160454	-0.002184
28.180454	-0.002234
28.200455	-0.002283
28.220455	-0.002331
28.240456	-0.002377
28.260456	-0.002422
28.280457	-0.002466
28.300457	-0.002508
28.320457	-0.002549
28.340458	-0.002589
28.360458	-0.002627
28.380459	-0.002664
28.400459	-0.002700
28.420460	-0.002734
28.440460	-0.002767
28.460461	-0.002798
28.480461	-0.002828
28.500462	-0.002857
28.520462	-0.002885
28.540462	-0.002911
28.560463	-0.002936
28.580463	-0.002959
28.600464	-0.002981
28.620464	-0.003002
28.640465	-0.003021
28.660465	-0.003039
28.680466	-0.003056
28.700466	-0.003071
28.720467	-0.003085
28.740467	-0.003097
28.760468	-0.003109
28.780468	-0.003119
28.800468	-0.003127
28.820469	-0.003135
28.840469	-0.003141
28.860470	-0.003145
28.880470	-0.003149
28.900471	-0.003151
28.920471	-0.003152
28.940472	-0.003151
28.960472	-0.003150
28.980473	-0.003147
29.000473	-0.003143
29.020473	-0.003138
29.040474	-0.003131
29.060474	-0.003123
29.080475	-0.003114
29.100475	-0.003104
29.120476	-0.003093
29.140476	-0.003081
29.160477	-0.003068
29.180477	-0.003053
29.200478	-0.003037
29.220478	-0.003021
29.240479	-0.003003
29.260479	-0.002984
29.280479	-0.002964
29.300480	-0.002943
29.320480	-0.002921
29.340481	-0.002898
29.360481	-0.002875
29.380482	-0.002850
29.400482	-0.002824
29.420483	-0.002797
29.440483	-0.002770
29.460484	-0.002741
29.480484	-0.002712
29.500484	-0.002682
29.520485	-0.002651
29.540485	-0.002619
29.560486	-0.002587
29.580486	-0.002553
29.600487	-0.002519
29.620487	-0.002484
29.640488	-0.002449
29.660488	-0.002413
29.680489	-0.002376
29.700489	-0.002338
29.720490	-0.002300
29.740490	-0.002261
29.760490	-0.002222
29.780491	-0.002182
29.800491	-0.002142
29.820492	-0.002101
29.840492	-0.002059
29.860493	-0.002017
29.880493	-0.001975
29.900494	-0.001932
29.920494	-0.001888
29.940495	-0.001845
29.960495	-0.001801
29.980495	-0.001756
30.000496	-0.001711
30.020496	-0.001666
30.040497	-0.001621
30.060497	-0.001575
30.080498	-0.001529
30.100498	-0.001483
30.120499	-0.001436
30.140499	-0.001389
30.160500	-0.001343
30.180500	-0.001296
30.200500	-0.001248
30.220501	-0.001201
30.240501	-0.001154
30.260502	-0.001106
30.280502	-0.001059
30.300503	-0.001011
30.320503	-0.000964
30.340504	-0.000916
30.360504	-0.000869
30.380505	-0.000821
30.400505	-0.000774
30.420506	-0.000726
30.440506	-0.000679
30.460506	-0.000632
30.480507	-0.000584
30.500507	-0.000537
30.520508	-0.000491
30.540508	-0.000444
30.560509	-0.000398
30.580509	-0.000351
30.600510	-0.000305
30.620510	-0.000260
30.640511	-0.000214
30.660511	-0.000169
30.680511	-0.000124
30.700512	-0.000079
30.720512	-0.000035
30.740513	0.000009
30.760513	0.000052
30.780514	0.000096
30.800514	0.000138
30.820515	0.000181
30.840515	0.000223
30.860516	0.000265
30.880516	0.000306
30.900517	0.000347
30.920517	0.000387
30.940517	0.000427
30.960518	0.000466
30.980518	0.000505
31.000519	0.000543
31.020519	0.000581
31.040520	0.000618
31.060520	0.000655
31.080521	0.000691
31.100521	0.000727
31.120522	0.000762
31.140522	0.000796
31.160522	0.000830
31.180523	0.000863
31.200523	0.000896
31.220524	0.000928
31.240524	0.000959
31.260525	0.000990
31.280525	0.001020
31.300526	0.001050
31.320526	0.001079
31.340527	0.001107
31.360527	0.001135
31.380527	0.001161
31.400528	0.001188
31.420528	0.001213
31.440529	0.001238
31.460529	0.001262
31.480530	0.001286
31.500530	0.001308
31.520531	0.001330
31.540531	0.001352
31.560532	0.001372
31.580532	0.001392
31.600533	0.001412
31.620533	0.001430
31.640533	0.001448
31.660534	0.001465
31.680534	0.001481
31.700535	0.001497
31.720535	0.001512
31.740536	0.001526
31.760536	0.001540
31.780537	0.001553
31.800537	0.001565
31.820538	0.001576
31.840538	0.001587
31.860538	0.001597
31.880539	0.001606
31.900539	0.001614
31.920540	0.001622
31.940540	0.001629
31.960541	0.001636
31.980541	0.001641
32.000542	0.001646
32.020542	0.001650
32.040543	0.001654
32.060543	0.001657
32.080544	0.001659
32.100544	0.001661
32.120544	0.001662
32.140545	0.001662
32.160545	0.001662
32.180546	0.001660
32.200546	0.001659
32.220547	0.001656
32.240547	0.001653
32.260548	0.001650
32.280548	0.001645
32.300549	0.001640
32.320549	0.001635
32.340549	0.001629
32.360550	0.001622
32.380550	0.001615
32.400551	0.001607
32.420551	0.001598
32.440552	0.001589
32.460552	0.001580
32.480553	0.001570
32.500553	0.001559
32.520554	0.001548
32.540554	0.001536
32.560555	0.001524
32.580555	0.001511
32.600555	0.001498
32.620556	0.001484
32.640556	0.001470
32.660557	0.001455
32.680557	0.001440
32.700558	0.001424
32.720558	0.001408
32.740559	0.001392
32.760559	0.001375
32.780560	0.001358
32.800560	0.001340
32.820560	0.001322
32.840561	0.001303
32.860561	0.001284
32.880562	0.001265
32.900562	0.001246
32.920563	0.001226
32.940563	0.001205
32.960564	0.001185
32.980564	0.001164
33.000565	0.001143
33.020565	0.001121
33.040565	0.001100
33.060566	0.001078
33.080566	0.001055
33.100567	0.001033
33.120567	0.001010
33.140568	0.000987
33.160568	0.000964
33.180569	0.000941
33.200569	0.000917
33.220570	0.000894
33.240570	0.000870
33.260571	0.000846
33.280571	0.000822
33.300571	0.000797
33.320572	0.000773
33.340572	0.000748
33.360573	0.000724
33.380573	0.000699
33.400574	0.000674
33.420574	0.000649
33.440575	0.000624
33.460575	0.000599
33.480576	0.000574
33.500576	0.000549
33.520576	0.000524
33.540577	0.000499
33.560577	0.000474
33.580578	0.000449
33.600578	0.000424
33.620579	0.000399
33.640579	0.000374
33.660580	0.000349
33.680580	0.000324
33.700581	0.000299
33.720581	0.000274
33.740582	0.000250
33.760582	0.000225
33.780582	0.000201
33.800583	0.000176
33.820583	0.000152
33.840584	0.000128
33.860584	0.000104
33.880585	0.000080
33.900585	0.000057
33.920586	0.000033
33.940586	0.000010
33.960587	-0.000013
33.980587	-0.000036
34.000587	-0.000059
34.020588	-0.000081
34.040588	-0.000104
34.060589	-0.000126
34.080589	-0.000148
34.100590	-0.000169
34.120590	-0.000191
34.140591	-0.000212
34.160591	-0.000233
34.180592	-0.000253
34.200592	-0.000274
34.220592	-0.000294
34.240593	-0.000314
34.260593	-0.000333
34.280594	-0.000352
34.300594	-0.000371
34.320595	-0.000390
34.340595	-0.000408
34.360596	-0.000426
34.380596	-0.000444
34.400597	-0.000462
34.420597	-0.000479
34.440598	-0.000495
34.460598	-0.000512
34.480598	-0.000528
34.500599	-0.000544
34.520599	-0.000559
34.540600	-0.000574
34.560600	-0.000589
34.580601	-0.000604
34.600601	-0.000618
34.620602	-0.000631
34.640602	-0.000645
34.660603	-0.000658
34.680603	-0.000670
34.700603	-0.000682
34.720604	-0.000694
34.740604	-0.000706
34.760605	-0.000717
34.780605	-0.000728
34.800606	-0.000738
34.820606	-0.000748
34.840607	-0.000758
34.860607	-0.000767
34.880608	-0.000776
34.900608	-0.000784
34.920609	-0.000792
34.940609	-0.000800
34.960609	-0.000807
34.980610	-0.000814
35.000610	-0.000821
35.020611	-0.000827
35.040611	-0.000833
35.060612	-0.000839
35.080612	-0.000844
35.100613	-0.000848
35.120613	-0.000853
35.140614	-0.000857
35.160614	-0.000860
35.180614	-0.000864
35.200615	-0.000866
35.220615	-0.000869
35.240616	-0.000871
35.260616	-0.000873
35.280617	-0.000874
35.300617	-0.000875
35.320618	-0.000876
35.340618	-0.000876
35.360619	-0.000876
35.380619	-0.000876
35.400620	-0.000875
35.420620	-0.000874
35.440620	-0.000873
35.460621	-0.000871
35.480621	-0.000869
35.500622	-0.000867
35.520622	-0.000864
35.540623	-0.000861
35.560623	-0.000858
35.580624	-0.000854
35.600624	-0.000850
35.620625	-0.000846
35.640625	-0.000841
35.660625	-0.000836
35.680626	-0.000831
35.700626	-0.000826
35.720627	-0.000820
35.740627	-0.000814
35.760628	-0.000808
35.780628	-0.000801
35.800629	-0.000794
35.820629	-0.000787
35.840630	-0.000780
35.860630	-0.000772
35.880630	-0.000764
35.900631	-0.000756
35.920631	-0.000748
35.940632	-0.000739
35.960632	-0.000731
35.980633	-0.000722
36.000633	-0.000712
36.020634	-0.000703
36.040634	-0.000693
36.060635	-0.000684
36.080635	-0.000674
36.100636	-0.000663
36.120636	-0.000653
36.140636	-0.000642
36.160637	-0.000632
36.180637	-0.000621
36.200638	-0.000610
36.220638	-0.000599
36.240639	-0.000587
36.260639	-0.000576
36.280640	-0.000564
36.300640	-0.000552
36.320641	-0.000540
36.340641	-0.000528
36.360641	-0.000516
36.380642	-0.000504
36.400642	-0.000492
36.420643	-0.000479
36.440643	-0.000467
36.460644	-0.000454
36.480644	-0.000441
36.500645	-0.000429
36.520645	-0.000416
36.540646	-0.000403
36.560646	-0.000390
36.580647	-0.000377
36.600647	-0.000364
36.620647	-0.000351
36.640648	-0.000338
36.660648	-0.000324
36.680649	-0.000311
36.700649	-0.000298
36.720650	-0.000285
36.740650	-0.000271
36.760651	-0.000258
36.780651	-0.000245
36.800652	-0.000232
36.820652	-0.000219
36.840652	-0.000205
36.860653	-0.000192
36.880653	-0.000179
36.900654	-0.000166
36.920654	-0.000153
36.940655	-0.000140
36.960655	-0.000127
36.980656	-0.000114
37.000656	-0.000101
37.020657	-0.000088
37.040657	-0.000076
37.060658	-0.000063
37.080658	-0.000050
37.100658	-0.000038
37.120659	-0.000025
37.140659	-0.000013
37.160660	-0.000001
37.180660	0.000011
37.200661	0.000023
37.220661	0.000035
37.240662	0.000047
37.260662	0.000059
37.280663	0.000070
37.300663	0.000082
37.320663	0.000093
37.340664	0.000105
37.360664	0.000116
37.380665	0.000127
37.400665	0.000137
37.420666	0.000148
37.440666	0.000159
37.460667	0.000169
37.480667	0.000179
37.500668	0.000189
37.520668	0.000199
37.540668	0.000209
37.560669	0.000219
37.580669	0.000228
37.600670	0.000238
37.620670	0.000247
37.640671	0.000256
37.660671	0.000264
37.680672	0.000273
37.700672	0.000282
37.720673	0.000290
37.740673	0.000298
37.760674	0.000306
37.780674	0.000313
37.800674	0.000321
37.820675	0.000328
37.840675	0.000335
37.860676	0.000342
37.880676	0.000349
37.900677	0.000356
37.920677	0.000362
37.940678	0.000368
37.960678	0.000374
37.980679	0.000380
38.000679	0.000386
38.020679	0.000391
38.040680	0.000396
38.060680	0.000401
38.080681	0.000406
38.100681	0.000411
38.120682	0.000415
38.140682	0.000419
38.160683	0.000423
38.180683	0.000427
38.200684	0.000431
38.220684	0.000434
38.240685	0.000437
38.260685	0.000440
38.280685	0.000443
38.300686	0.000446
38.320686	0.000448
38.340687	0.000450
38.360687	0.000452
38.380688	0.000454
38.400688	0.000456
38.420689	0.000457
38.440689	0.000459
38.460690	0.000460
38.480690	0.000461
38.500690	0.000461
38.520691	0.000462
38.540691	0.000462
38.560692	0.000462
38.580692	0.000462
38.600693	0.000462
38.620693	0.000461
38.640694	0.000461
38.660694	0.000460
38.680695	0.000459
38.700695	0.000458
38.720695	0.000457
38.740696	0.000455
38.760696	0.000453
38.780697	0.000452
38.800697	0.000450
38.820698	0.000447
38.840698	0.000445
38.860699	0.000443
38.880699	0.000440
38.900700	0.000437
38.920700	0.000434
38.940701	0.000431
38.960701	0.000428
38.980701	0.000425
39.000702	0.000421
39.020702	0.000417
39.040703	0.000414
39.060703	0.000410
39.080704	0.000406
39.100704	0.000402
39.120705	0.000397
39.140705	0.000393
39.160706	0.000388
39.180706	0.000384
39.200706	0.000379
39.220707	0.000374
39.240707	0.000369
39.260708	0.000364
39.280708	0.000359
39.300709	0.000353
39.320709	0.000348
39.340710	0.000342
39.360710	0.000337
39.380711	0.000331
39.400711	0.000325
39.420712	0.000319
39.440712	0.000313
39.460712	0.000307
39.480713	0.000301
39.500713	0.000295
39.520714	0.000289
39.540714	0.000283
39.560715	0.000276
39.580715	0.000270
39.600716	0.000263
39.620716	0.000257
39.640717	0.000250
39.660717	0.000244
39.680717	0.000237
39.700718	0.000230
39.720718	0.000223
39.740719	0.000217
39.760719	0.000210
39.780720	0.000203
39.800720	0.000196
39.820721	0.000189
39.840721	0.000182
39.860722	0.000175
39.880722	0.000168
39.900723	0.000162
39.920723	0.000155
39.940723	0.000148
39.960724	0.000141
39.980724	0.000134
