0.000000	1.000000
0.020000	1.000000
0.040000	0.999600
0.060000	0.998800
0.080000	0.997601
0.100000	0.996003
0.120000	0.994006
0.140000	0.991612
0.160000	0.988821
0.180000	0.985635
0.200000	0.982054
0.220000	0.978081
0.240000	0.973717
0.260000	0.968963
0.280000	0.963822
0.300000	0.958295
0.320000	0.952385
0.340000	0.946094
0.360000	0.939424
0.380000	0.932379
0.400000	0.924961
0.420000	0.917173
0.440000	0.909018
0.460000	0.900500
0.480000	0.891621
0.500000	0.882386
0.520000	0.872799
0.540000	0.862862
0.560000	0.852580
0.580000	0.841957
0.600000	0.830997
0.620000	0.819705
0.640000	0.808085
0.660000	0.796142
0.680000	0.783880
0.700000	0.771305
0.720000	0.758422
0.740000	0.745235
0.760000	0.731750
0.780000	0.717972
0.800000	0.703907
0.820000	0.689561
0.840000	0.674939
0.860000	0.660047
0.880000	0.644891
0.900000	0.629477
0.920000	0.613811
0.940000	0.597900
0.960000	0.581750
0.980000	0.565367
1.000000	0.548758
1.020000	0.531930
1.040000	0.514888
1.060000	0.497641
1.080000	0.480195
1.100000	0.462557
1.120000	0.444733
1.140000	0.426732
1.159999	0.408560
1.179999	0.390225
1.199999	0.371734
1.219999	0.353094
1.239999	0.334313
1.259999	0.315398
1.279999	0.296357
1.299999	0.277198
1.319999	0.257928
1.339999	0.238554
1.359999	0.219085
1.379999	0.199529
1.399999	0.179893
1.419999	0.160184
1.439999	0.140412
1.459999	0.120584
1.479999	0.100707
1.499999	0.080790
1.519999	0.060841
1.539999	0.040867
1.559999	0.020877
1.579999	0.000879
1.599999	-0.019120
1.619999	-0.039111
1.639999	-0.059086
1.659999	-0.079038
1.679999	-0.098958
1.699999	-0.118839
1.719999	-0.138672
1.739999	-0.158449
1.759999	-0.178163
1.779999	-0.197806
1.799999	-0.217370
1.819999	-0.236847
1.839999	-0.256229
1.859999	-0.275509
1.879999	-0.294678
1.899999	-0.313730
1.919999	-0.332656
1.939999	-0.351449
1.959999	-0.370102
1.979999	-0.388607
1.999999	-0.406956
2.019999	-0.425142
2.039999	-0.443159
2.059999	-0.460998
2.079999	-0.478652
2.099999	-0.496116
2.119999	-0.513381
2.139999	-0.530440
2.159999	-0.547287
2.179999	-0.563916
2.199999	-0.580319
2.219999	-0.596490
2.239999	-0.612422
2.259999	-0.628109
2.279999	-0.643546
2.299999	-0.658724
2.319999	-0.673640
2.339998	-0.688286
2.359998	-0.702656
2.379998	-0.716746
2.399998	-0.730549
2.419998	-0.744060
2.439998	-0.757273
2.459998	-0.770184
2.479998	-0.782786
2.499998	-0.795075
2.519998	-0.807047
2.539998	-0.818695
2.559998	-0.830016
2.579998	-0.841005
2.599998	-0.851658
2.619998	-0.861970
2.639998	-0.871937
2.659998	-0.881556
2.679998	-0.890822
2.699998	-0.899732
2.719998	-0.908281
2.739998	-0.916468
2.759998	-0.924288
2.779998	-0.931738
2.799998	-0.938816
2.819998	-0.945518
2.839998	-0.951842
2.859998	-0.957786
2.879998	-0.963346
2.899998	-0.968521
2.919998	-0.973309
2.939998	-0.977708
2.959998	-0.981715
2.979998	-0.985330
2.999998	-0.988551
3.019998	-0.991376
3.039998	-0.993805
3.059998	-0.995837
3.079998	-0.997470
3.099998	-0.998704
3.119998	-0.999539
3.139998	-0.999974
3.159998	-1.000009
3.179998	-0.999644
3.199998	-0.998879
3.219998	-0.997715
3.239998	-0.996152
3.259998	-0.994190
3.279998	-0.991831
3.299998	-0.989075
3.319998	-0.985923
3.339998	-0.982377
3.359998	-0.978439
3.379997	-0.974108
3.399997	-0.969389
3.419997	-0.964281
3.439997	-0.958788
3.459997	-0.952912
3.479997	-0.946654
3.499997	-0.940018
3.519997	-0.933006
3.539997	-0.925620
3.559997	-0.917865
3.579997	-0.909742
3.599997	-0.901256
3.619997	-0.892409
3.639997	-0.883205
3.659997	-0.873648
3.679997	-0.863742
3.699997	-0.853490
3.719997	-0.842897
3.739997	-0.831966
3.759997	-0.820703
3.779997	-0.809112
3.799997	-0.797197
3.819997	-0.784963
3.839997	-0.772416
3.859997	-0.759559
3.879997	-0.746399
3.899997	-0.732940
3.919997	-0.719188
3.939997	-0.705148
3.959997	-0.690827
3.979997	-0.676229
3.999997	-0.661360
4.019997	-0.646227
4.039997	-0.630836
4.059997	-0.615192
4.079997	-0.599302
4.099997	-0.583173
4.119997	-0.566810
4.139997	-0.550220
4.159997	-0.533411
4.179997	-0.516388
4.199997	-0.499158
4.219997	-0.481729
4.239997	-0.464108
4.259997	-0.446300
4.279997	-0.428315
4.299997	-0.410157
4.319997	-0.391836
4.339997	-0.373358
4.359997	-0.354731
4.379997	-0.335962
4.399997	-0.317059
4.419997	-0.298029
4.439997	-0.278879
4.459997	-0.259618
4.479997	-0.240254
4.499997	-0.220793
4.519997	-0.201244
4.539997	-0.181614
4.559997	-0.161912
4.579997	-0.142145
4.599997	-0.122321
4.619997	-0.102448
4.639997	-0.082535
4.659997	-0.062588
4.679996	-0.042616
4.699996	-0.022627
4.719996	-0.002629
4.739996	0.017370
4.759996	0.037362
4.779996	0.057339
4.799996	0.077293
4.819996	0.097216
4.839996	0.117100
4.859996	0.136938
4.879996	0.156720
4.899996	0.176440
4.919996	0.196090
4.939996	0.215661
4.959996	0.235146
4.979996	0.254536
4.999996	0.273825
5.019996	0.293005
5.039996	0.312067
5.059996	0.331004
5.079996	0.349809
5.099996	0.368474
5.119996	0.386992
5.139996	0.405355
5.159996	0.423556
5.179996	0.441588
5.199996	0.459442
5.219996	0.477114
5.239996	0.494594
5.259996	0.511876
5.279996	0.528954
5.299996	0.545820
5.319996	0.562468
5.339996	0.578891
5.359996	0.595083
5.379996	0.611036
5.399996	0.626745
5.419996	0.642204
5.439996	0.657405
5.459996	0.672344
5.479996	0.687013
5.499996	0.701408
5.519996	0.715522
5.539996	0.729350
5.559996	0.742886
5.579996	0.756126
5.599996	0.769063
5.619996	0.781692
5.639996	0.794008
5.659996	0.806007
5.679996	0.817684
5.699996	0.829034
5.719995	0.840052
5.739995	0.850734
5.759995	0.861076
5.779995	0.871074
5.799995	0.880723
5.819995	0.890020
5.839995	0.898961
5.859995	0.907543
5.879995	0.915761
5.899995	0.923613
5.919995	0.931096
5.939995	0.938207
5.959995	0.944942
5.979995	0.951299
5.999995	0.957276
6.019995	0.962870
6.039995	0.968079
6.059995	0.972901
6.079995	0.977333
6.099995	0.981375
6.119995	0.985024
6.139995	0.988279
6.159995	0.991139
6.179995	0.993602
6.199995	0.995668
6.219995	0.997336
6.239995	0.998605
6.259995	0.999475
6.279995	0.999945
6.299995	1.000015
6.319995	0.999685
6.339995	0.998955
6.359995	0.997826
6.379995	0.996298
6.399995	0.994371
6.419995	0.992046
6.439995	0.989325
6.459995	0.986208
6.479995	0.982697
6.499995	0.978792
6.519995	0.974496
6.539995	0.969811
6.559995	0.964737
6.579995	0.959278
6.599995	0.953435
6.619995	0.947211
6.639995	0.940607
6.659995	0.933628
6.679995	0.926275
6.699995	0.918552
6.719995	0.910461
6.739995	0.902007
6.759995	0.893191
6.779994	0.884018
6.799994	0.874492
6.819994	0.864615
6.839994	0.854393
6.859994	0.843830
6.879994	0.832929
6.899994	0.821694
6.919994	0.810131
6.939994	0.798245
6.959994	0.786038
6.979994	0.773518
6.999994	0.760688
7.019994	0.747554
7.039994	0.734121
7.059994	0.720394
7.079994	0.706380
7.099994	0.692082
7.119994	0.677508
7.139994	0.662663
7.159994	0.647553
7.179994	0.632184
7.199994	0.616562
7.219994	0.600693
7.239994	0.584585
7.259994	0.568242
7.279994	0.551672
7.299994	0.534882
7.319994	0.517877
7.339994	0.500666
7.359994	0.483254
7.379994	0.465649
7.399994	0.447858
7.419994	0.429887
7.439994	0.411745
7.459994	0.393438
7.479994	0.374973
7.499994	0.356359
7.519994	0.337602
7.539994	0.318710
7.559994	0.299691
7.579994	0.280551
7.599994	0.261300
7.619994	0.241944
7.639994	0.222491
7.659994	0.202949
7.679994	0.183327
7.699994	0.163630
7.719994	0.143869
7.739994	0.124049
7.759994	0.104181
7.779994	0.084270
7.799994	0.064326
7.819993	0.044356
7.839993	0.024368
7.859993	0.004371
7.879993	-0.015628
7.899993	-0.035621
7.919993	-0.055600
7.939993	-0.075556
7.959993	-0.095482
7.979993	-0.115370
7.999993	-0.135212
8.019994	-0.155000
8.039994	-0.174726
8.059995	-0.194381
8.079995	-0.213960
8.099996	-0.233452
8.119996	-0.252851
8.139997	-0.272149
8.159997	-0.291339
8.179997	-0.310411
8.199998	-0.329360
8.219998	-0.348176
8.239999	-0.366854
8.259999	-0.385385
8.280000	-0.403761
8.300000	-0.421977
8.320001	-0.440023
8.340001	-0.457893
8.360002	-0.475581
8.380002	-0.493078
8.400002	-0.510378
8.420003	-0.527474
8.440003	-0.544358
8.460004	-0.561026
8.480004	-0.577468
8.500005	-0.593680
8.520005	-0.609655
8.540006	-0.625385
8.560006	-0.640866
8.580007	-0.656090
8.600007	-0.671052
8.620008	-0.685745
8.640008	-0.700164
8.660008	-0.714304
8.680009	-0.728157
8.700009	-0.741720
8.720010	-0.754985
8.740010	-0.767949
8.760011	-0.780606
8.780011	-0.792950
8.800012	-0.804978
8.820012	-0.816683
8.840013	-0.828062
8.860013	-0.839109
8.880013	-0.849821
8.900014	-0.860194
8.920014	-0.870222
8.940015	-0.879902
8.960015	-0.889230
8.980016	-0.898202
9.000016	-0.906816
9.020017	-0.915066
9.040017	-0.922951
9.060018	-0.930467
9.080018	-0.937610
9.100019	-0.944378
9.120019	-0.950769
9.140019	-0.956780
9.160020	-0.962407
9.180020	-0.967650
9.200021	-0.972506
9.220021	-0.976973
9.240022	-0.981049
9.260022	-0.984733
9.280023	-0.988023
9.300023	-0.990918
9.320024	-0.993416
9.340024	-0.995517
9.360024	-0.997220
9.380025	-0.998524
9.400025	-0.999429
9.420026	-0.999934
9.440026	-1.000039
9.460027	-0.999744
9.480027	-0.999049
9.500028	-0.997955
9.520028	-0.996461
9.540029	-0.994569
9.560029	-0.992280
9.580029	-0.989593
9.600030	-0.986511
9.620030	-0.983034
9.640031	-0.979164
9.660031	-0.974902
9.680032	-0.970251
9.700032	-0.965211
9.720033	-0.959785
9.740033	-0.953976
9.760034	-0.947785
9.780034	-0.941215
9.800035	-0.934268
9.820035	-0.926948
9.840035	-0.919257
9.860036	-0.911198
9.880036	-0.902775
9.900037	-0.893991
9.920037	-0.884849
9.940038	-0.875354
9.960038	-0.865508
9.980039	-0.855316
10.000039	-0.844782
10.020040	-0.833911
10.040040	-0.822705
10.060040	-0.811171
10.080041	-0.799312
10.100041	-0.787134
10.120042	-0.774640
10.140042	-0.761837
10.160043	-0.748729
10.180043	-0.735322
10.200044	-0.721621
10.220044	-0.707631
10.240045	-0.693358
10.260045	-0.678807
10.280046	-0.663986
10.300046	-0.648898
10.320046	-0.633551
10.340047	-0.617951
10.360047	-0.602104
10.380048	-0.586016
10.400048	-0.569693
10.420049	-0.553143
10.440049	-0.536371
10.460050	-0.519385
10.480050	-0.502191
10.500051	-0.484796
10.520051	-0.467207
10.540051	-0.449432
10.560052	-0.431476
10.580052	-0.413348
10.600053	-0.395055
10.620053	-0.376604
10.640054	-0.358002
10.660054	-0.339257
10.680055	-0.320376
10.700055	-0.301367
10.720056	-0.282238
10.740056	-0.262996
10.760056	-0.243648
10.780057	-0.224203
10.800057	-0.204669
10.820058	-0.185052
10.840058	-0.165362
10.860059	-0.145605
10.880059	-0.125790
10.900060	-0.105925
10.920060	-0.086018
10.940061	-0.066076
10.960061	-0.046107
10.980062	-0.026121
11.000062	-0.006123
11.020062	0.013876
11.040063	0.033871
11.060063	0.053851
11.080064	0.073810
11.100064	0.093740
11.120065	0.113632
11.140065	0.133478
11.160066	0.153271
11.180066	0.173003
11.200067	0.192666
11.220067	0.212252
11.240067	0.231752
11.260068	0.251161
11.280068	0.270468
11.300069	0.289668
11.320069	0.308751
11.340070	0.327711
11.360070	0.346540
11.380071	0.365231
11.400071	0.383775
11.420072	0.402166
11.440072	0.420396
11.460073	0.438457
11.480073	0.456344
11.500073	0.474048
11.520074	0.491562
11.540074	0.508880
11.560075	0.525994
11.580075	0.542898
11.600076	0.559585
11.620076	0.576048
11.640077	0.592281
11.660077	0.608276
11.680078	0.624029
11.700078	0.639532
11.720078	0.654779
11.740079	0.669764
11.760079	0.684481
11.780080	0.698924
11.800080	0.713088
11.820081	0.726967
11.840081	0.740555
11.860082	0.753847
11.880082	0.766837
11.900083	0.779521
11.920083	0.791893
11.940084	0.803948
11.960084	0.815682
11.980084	0.827089
12.000085	0.838166
12.020085	0.848907
12.040086	0.859309
12.060086	0.869367
12.080087	0.879078
12.100087	0.888436
12.120088	0.897440
12.140088	0.906085
12.160089	0.914367
12.180089	0.922283
12.200089	0.929831
12.220090	0.937006
12.240090	0.943807
12.260091	0.950231
12.280091	0.956274
12.300092	0.961935
12.320092	0.967212
12.340093	0.972101
12.360093	0.976602
12.380094	0.980712
12.400094	0.984430
12.420094	0.987754
12.440095	0.990684
12.460095	0.993217
12.480096	0.995352
12.500096	0.997090
12.520097	0.998429
12.540097	0.999369
12.560098	0.999908
12.580098	1.000048
12.600099	0.999788
12.620099	0.999129
12.640100	0.998069
12.660100	0.996611
12.680100	0.994753
12.700101	0.992498
12.720101	0.989846
12.740102	0.986798
12.760102	0.983356
12.780103	0.979520
12.800103	0.975292
12.820104	0.970674
12.840104	0.965668
12.860105	0.960276
12.880105	0.954500
12.900105	0.948342
12.920106	0.941805
12.940106	0.934891
12.960107	0.927603
12.980107	0.919944
13.000108	0.911917
13.020108	0.903525
13.040109	0.894772
13.060109	0.885662
13.080110	0.876197
13.100110	0.866382
13.120111	0.856220
13.140111	0.845715
13.160111	0.834873
13.180112	0.823696
13.200112	0.812190
13.220113	0.800359
13.240113	0.788209
13.260114	0.775743
13.280114	0.762966
13.300115	0.749885
13.320115	0.736503
13.340116	0.722827
13.360116	0.708862
13.380116	0.694613
13.400117	0.680087
13.420117	0.665289
13.440118	0.650224
13.460118	0.634899
13.480119	0.619321
13.500119	0.603495
13.520120	0.587427
13.540120	0.571125
13.560121	0.554594
13.580121	0.537841
13.600121	0.520873
13.620122	0.503697
13.640122	0.486319
13.660123	0.468747
13.680123	0.450987
13.700124	0.433047
13.720124	0.414934
13.740125	0.396654
13.760125	0.378217
13.780126	0.359627
13.800126	0.340894
13.820127	0.322025
13.840127	0.303027
13.860127	0.283908
13.880128	0.264675
13.900128	0.245336
13.920129	0.225900
13.940129	0.206372
13.960130	0.186763
13.980130	0.167078
14.000131	0.147327
14.020131	0.127517
14.040132	0.107656
14.060132	0.087752
14.080132	0.067813
14.100133	0.047846
14.120133	0.027861
14.140134	0.007864
14.160134	-0.012136
14.180135	-0.032131
14.200135	-0.052113
14.220136	-0.072074
14.240136	-0.092006
14.260137	-0.111902
14.280137	-0.131753
14.300138	-0.151551
14.320138	-0.171289
14.340138	-0.190958
14.360139	-0.210550
14.380139	-0.230059
14.400140	-0.249475
14.420140	-0.268792
14.440141	-0.288001
14.460141	-0.307095
14.480142	-0.326066
14.500142	-0.344907
14.520143	-0.363610
14.540143	-0.382167
14.560143	-0.400572
14.580144	-0.418816
14.600144	-0.436893
14.620145	-0.454795
14.640145	-0.472515
14.660146	-0.490046
14.680146	-0.507381
14.700147	-0.524514
14.720147	-0.541436
14.740148	-0.558142
14.760148	-0.574625
14.780149	-0.590877
14.800149	-0.606894
14.820149	-0.622668
14.840150	-0.638192
14.860150	-0.653462
14.880151	-0.668470
14.900151	-0.683211
14.920152	-0.697679
14.940152	-0.711867
14.960153	-0.725771
14.980153	-0.739385
15.000154	-0.752702
15.020154	-0.765719
15.040154	-0.778430
15.060155	-0.790829
15.080155	-0.802912
15.100156	-0.814674
15.120156	-0.826110
15.140157	-0.837215
15.160157	-0.847986
15.180158	-0.858417
15.200158	-0.868506
15.220159	-0.878246
15.240159	-0.887636
15.260159	-0.896670
15.280160	-0.905346
15.300160	-0.913660
15.320161	-0.921609
15.340161	-0.929189
15.360162	-0.936397
15.380162	-0.943231
15.400163	-0.949687
15.420163	-0.955764
15.440164	-0.961458
15.460164	-0.966768
15.480165	-0.971691
15.500165	-0.976226
15.520165	-0.980370
15.540166	-0.984122
15.560166	-0.987480
15.580167	-0.990444
15.600167	-0.993011
15.620168	-0.995181
15.640168	-0.996953
15.660169	-0.998326
15.680169	-0.999300
15.700170	-0.999875
15.720170	-1.000049
15.740170	-0.999824
15.760171	-0.999198
15.780171	-0.998173
15.800172	-0.996749
15.820172	-0.994926
15.840173	-0.992706
15.860173	-0.990088
15.880174	-0.987074
15.900174	-0.983665
15.920175	-0.979863
15.940175	-0.975669
15.960176	-0.971085
15.980176	-0.966113
16.000175	-0.960754
16.020176	-0.955011
16.040176	-0.948886
16.060177	-0.942381
16.080177	-0.935500
16.100178	-0.928244
16.120178	-0.920617
16.140179	-0.912622
16.160179	-0.904262
16.180180	-0.895540
16.200180	-0.886460
16.220181	-0.877026
16.240181	-0.867240
16.260181	-0.857108
16.280182	-0.846633
16.300182	-0.835819
16.320183	-0.824672
16.340183	-0.813194
16.360184	-0.801391
16.380184	-0.789268
16.400185	-0.776828
16.420185	-0.764079
16.440186	-0.751023
16.460186	-0.737668
16.480186	-0.724017
16.500187	-0.710076
16.520187	-0.695852
16.540188	-0.681350
16.560188	-0.666574
16.580189	-0.651533
16.600189	-0.636230
16.620190	-0.620674
16.640190	-0.604869
16.660191	-0.588822
16.680191	-0.572539
16.700191	-0.556028
16.720192	-0.539294
16.740192	-0.522345
16.760193	-0.505187
16.780193	-0.487827
16.800194	-0.470271
16.820194	-0.452528
16.840195	-0.434604
16.860195	-0.416505
16.880196	-0.398241
16.900196	-0.379817
16.920197	-0.361241
16.940197	-0.342520
16.960197	-0.323663
16.980198	-0.304676
17.000198	-0.285567
17.020199	-0.266344
17.040199	-0.247015
17.060200	-0.227587
17.080200	-0.208067
17.100201	-0.188465
17.120201	-0.168787
17.140202	-0.149042
17.160202	-0.129237
17.180202	-0.109380
17.200203	-0.089480
17.220203	-0.069544
17.240204	-0.049580
17.260204	-0.029596
17.280205	-0.009600
17.300205	0.010399
17.320206	0.030394
17.340206	0.050377
17.360207	0.070340
17.380207	0.090275
17.400208	0.110174
17.420208	0.130029
17.440208	0.149832
17.460209	0.169574
17.480209	0.189249
17.500210	0.208849
17.520210	0.228364
17.540211	0.247789
17.560211	0.267114
17.580212	0.286332
17.600212	0.305436
17.620213	0.324418
17.640213	0.343270
17.660213	0.361985
17.680214	0.380555
17.700214	0.398973
17.720215	0.417231
17.740215	0.435322
17.760216	0.453240
17.780216	0.470976
17.800217	0.488523
17.820217	0.505876
17.840218	0.523026
17.860218	0.539966
17.880219	0.556691
17.900219	0.573193
17.920219	0.589466
17.940220	0.605503
17.960220	0.621298
17.980221	0.636844
18.000221	0.652136
18.020222	0.667167
18.040222	0.681931
18.060223	0.696422
18.080223	0.710635
18.100224	0.724563
18.120224	0.738202
18.140224	0.751546
18.160225	0.764589
18.180225	0.777326
18.200226	0.789753
18.220226	0.801863
18.240227	0.813653
18.260227	0.825117
18.280228	0.836252
18.300228	0.847052
18.320229	0.857513
18.340229	0.867631
18.360229	0.877402
18.380230	0.886822
18.400230	0.895887
18.420231	0.904595
18.440231	0.912940
18.460232	0.920920
18.480232	0.928532
18.500233	0.935773
18.520233	0.942639
18.540234	0.949128
18.560234	0.955238
18.580235	0.960965
18.600235	0.966308
18.620235	0.971265
18.640236	0.975833
18.660236	0.980011
18.680237	0.983797
18.700237	0.987190
18.720238	0.990187
18.740238	0.992789
18.760239	0.994993
18.780239	0.996800
18.800240	0.998208
18.820240	0.999217
18.840240	0.999826
18.860241	1.000035
18.880241	0.999845
18.900242	0.999254
18.920242	0.998264
18.940243	0.996875
18.960243	0.995087
18.980244	0.992901
19.000244	0.990318
19.020245	0.987338
19.040245	0.983964
19.060246	0.980196
19.080246	0.976037
19.100246	0.971486
19.120247	0.966548
19.140247	0.961222
19.160248	0.955513
19.180248	0.949421
19.200249	0.942949
19.220249	0.936100
19.240250	0.928877
19.260250	0.921282
19.280251	0.913319
19.300251	0.904991
19.320251	0.896300
19.340252	0.887251
19.360252	0.877848
19.380253	0.868093
19.400253	0.857991
19.420254	0.847546
19.440254	0.836762
19.460255	0.825643
19.480255	0.814194
19.500256	0.802419
19.520256	0.790324
19.540257	0.777912
19.560257	0.765189
19.580257	0.752160
19.600258	0.738831
19.620258	0.725206
19.640259	0.711290
19.660259	0.697091
19.680260	0.682612
19.700260	0.667861
19.720261	0.652842
19.740261	0.637563
19.760262	0.622028
19.780262	0.606245
19.800262	0.590219
19.820263	0.573957
19.840263	0.557465
19.860264	0.540751
19.880264	0.523820
19.900265	0.506680
19.920265	0.489337
19.940266	0.471799
19.960266	0.454072
19.980267	0.436163
20.000267	0.418079
20.020267	0.399829
20.040268	0.381419
20.060268	0.362856
20.080269	0.344148
20.100269	0.325302
20.120270	0.306326
20.140270	0.287228
20.160271	0.268015
20.180271	0.248694
20.200272	0.229275
20.220272	0.209763
20.240273	0.190168
20.260273	0.170496
20.280273	0.150757
20.300274	0.130957
20.320274	0.111105
20.340275	0.091208
20.360275	0.071275
20.380276	0.051313
20.400276	0.031331
20.420277	0.011336
20.440277	-0.008663
20.460278	-0.028659
20.480278	-0.048643
20.500278	-0.068608
20.520279	-0.088545
20.540279	-0.108447
20.560280	-0.128306
20.580280	-0.148113
20.600281	-0.167862
20.620281	-0.187542
20.640282	-0.207148
20.660282	-0.226671
20.680283	-0.246104
20.700283	-0.265438
20.720284	-0.284666
20.740284	-0.303780
20.760284	-0.322772
20.780285	-0.341636
20.800285	-0.360362
20.820286	-0.378945
20.840286	-0.397376
20.860287	-0.415648
20.880287	-0.433754
20.900288	-0.451687
20.920288	-0.469439
20.940289	-0.487003
20.960289	-0.504372
20.980289	-0.521540
21.000290	-0.538499
21.020290	-0.555242
21.040291	-0.571764
21.060291	-0.588057
21.080292	-0.604114
21.100292	-0.619930
21.120293	-0.635499
21.140293	-0.650812
21.160294	-0.665866
21.180294	-0.680654
21.200294	-0.695169
21.220295	-0.709406
21.240295	-0.723359
21.260296	-0.737023
21.280296	-0.750392
21.300297	-0.763462
21.320297	-0.776225
21.340298	-0.788679
21.360298	-0.800817
21.380299	-0.812634
21.400299	-0.824127
21.420300	-0.835290
21.440300	-0.846119
21.460300	-0.856610
21.480301	-0.866758
21.500301	-0.876559
21.520302	-0.886010
21.540302	-0.895106
21.560303	-0.903844
21.580303	-0.912221
21.600304	-0.920233
21.620304	-0.927877
21.640305	-0.935150
21.660305	-0.942049
21.680305	-0.948571
21.700306	-0.954714
21.720306	-0.960475
21.740307	-0.965852
21.760307	-0.970842
21.780308	-0.975445
21.800308	-0.979657
21.820309	-0.983477
21.840309	-0.986904
21.860310	-0.989937
21.880310	-0.992573
21.900311	-0.994812
21.920311	-0.996654
21.940311	-0.998097
21.960312	-0.999140
21.980312	-0.999784
22.000313	-1.000029
22.020313	-0.999873
22.040314	-0.999317
22.060314	-0.998362
22.080315	-0.997007
22.100315	-0.995254
22.120316	-0.993102
22.140316	-0.990553
22.160316	-0.987608
22.180317	-0.984268
22.200317	-0.980535
22.220318	-0.976409
22.240318	-0.971893
22.260319	-0.966988
22.280319	-0.961697
22.300320	-0.956020
22.320320	-0.949962
22.340321	-0.943523
22.360321	-0.936708
22.380322	-0.929517
22.400322	-0.921955
22.420322	-0.914024
22.440323	-0.905727
22.460323	-0.897068
22.480324	-0.888050
22.500324	-0.878677
22.520325	-0.868953
22.540325	-0.858881
22.560326	-0.848466
22.580326	-0.837711
22.600327	-0.826621
22.620327	-0.815201
22.640327	-0.803454
22.660328	-0.791387
22.680328	-0.779002
22.700329	-0.766306
22.720329	-0.753304
22.740330	-0.740000
22.760330	-0.726400
22.780331	-0.712510
22.800331	-0.698335
22.820332	-0.683881
22.840332	-0.669153
22.860332	-0.654157
22.880333	-0.638900
22.900333	-0.623387
22.920334	-0.607625
22.940334	-0.591620
22.960335	-0.575378
22.980335	-0.558907
23.000336	-0.542211
23.020336	-0.525299
23.040337	-0.508177
23.060337	-0.490851
23.080338	-0.473330
23.100338	-0.455619
23.120338	-0.437725
23.140339	-0.419657
23.160339	-0.401421
23.180340	-0.383024
23.200340	-0.364474
23.220341	-0.345778
23.240341	-0.326944
23.260342	-0.307979
23.280342	-0.288891
23.300343	-0.269688
23.320343	-0.250376
23.340343	-0.230965
23.360344	-0.211461
23.380344	-0.191872
23.400345	-0.172207
23.420345	-0.152473
23.440346	-0.132678
23.460346	-0.112829
23.480347	-0.092936
23.500347	-0.073006
23.520348	-0.053046
23.540348	-0.033065
23.560349	-0.013071
23.580349	0.006928
23.600349	0.026925
23.620350	0.046911
23.640350	0.066878
23.660351	0.086818
23.680351	0.106724
23.700352	0.126587
23.720352	0.146399
23.740353	0.166153
23.760353	0.185840
23.780354	0.205453
23.800354	0.224984
23.820354	0.244424
23.840355	0.263767
23.860355	0.283005
23.880356	0.302129
23.900356	0.321133
23.920357	0.340008
23.940357	0.358747
23.960358	0.377343
23.980358	0.395787
24.000359	0.414074
24.020359	0.432195
24.040359	0.450143
24.060360	0.467911
24.080360	0.485492
24.100361	0.502878
24.120361	0.520064
24.140362	0.537041
24.160362	0.553804
24.180363	0.570345
24.200363	0.586658
24.220364	0.602737
24.240364	0.618574
24.260365	0.634164
24.280365	0.649501
24.300365	0.664577
24.320366	0.679388
24.340366	0.693927
24.360367	0.708189
24.380367	0.722167
24.400368	0.735857
24.420368	0.749252
24.440369	0.762347
24.460369	0.775138
24.480370	0.787619
24.500370	0.799784
24.520370	0.811630
24.540371	0.823151
24.560371	0.834343
24.580372	0.845201
24.600372	0.855721
24.620373	0.865899
24.640373	0.875730
24.660374	0.885212
24.680374	0.894339
24.700375	0.903108
24.720375	0.911517
24.740376	0.919561
24.760376	0.927237
24.780376	0.934542
24.800377	0.941473
24.820377	0.948028
24.840378	0.954204
24.860378	0.959998
24.880379	0.965408
24.900379	0.970432
24.920380	0.975067
24.940380	0.979313
24.960381	0.983168
24.980381	0.986628
25.000381	0.989695
25.020382	0.992365
25.040382	0.994639
25.060383	0.996515
25.080383	0.997992
25.100384	0.999070
25.120384	0.999749
25.140385	1.000028
25.160385	0.999907
25.180386	0.999386
25.200386	0.998465
25.220387	0.997145
25.240387	0.995426
25.260387	0.993309
25.280388	0.990795
25.300388	0.987884
25.320389	0.984578
25.340389	0.980879
25.360390	0.976787
25.380390	0.972305
25.400391	0.967433
25.420391	0.962175
25.440392	0.956532
25.460392	0.950507
25.480392	0.944101
25.500393	0.937318
25.520393	0.930160
25.540394	0.922629
25.560394	0.914730
25.580395	0.906465
25.600395	0.897838
25.620396	0.888851
25.640396	0.879509
25.660397	0.869815
25.680397	0.859773
25.700397	0.849388
25.720398	0.838662
25.740398	0.827602
25.760399	0.816210
25.780399	0.804491
25.800400	0.792451
25.820400	0.780094
25.840401	0.767425
25.860401	0.754449
25.880402	0.741172
25.900402	0.727598
25.920403	0.713733
25.940403	0.699582
25.960403	0.685152
25.980404	0.670447
26.000404	0.655475
26.020405	0.640240
26.040405	0.624749
26.060406	0.609008
26.080406	0.593024
26.100407	0.576803
26.120407	0.560351
26.140408	0.543675
26.160408	0.526781
26.180408	0.509677
26.200409	0.492369
26.220409	0.474864
26.240410	0.457169
26.260410	0.439291
26.280411	0.421237
26.300411	0.403015
26.320412	0.384632
26.340412	0.366095
26.360413	0.347412
26.380413	0.328589
26.400414	0.309635
26.420414	0.290558
26.440414	0.271364
26.460415	0.252061
26.480415	0.232658
26.500416	0.213162
26.520416	0.193580
26.540417	0.173921
26.560417	0.154193
26.580418	0.134403
26.600418	0.114559
26.620419	0.094669
26.640419	0.074741
26.660419	0.054784
26.680420	0.034804
26.700420	0.014811
26.720421	-0.005188
26.740421	-0.025185
26.760422	-0.045172
26.780422	-0.065141
26.800423	-0.085085
26.820423	-0.104993
26.840424	-0.124860
26.860424	-0.144678
26.880424	-0.164437
26.900425	-0.184130
26.920425	-0.203750
26.940426	-0.223288
26.960426	-0.242737
26.980427	-0.262089
27.000427	-0.281336
27.020428	-0.300470
27.040428	-0.319485
27.060429	-0.338371
27.080429	-0.357123
27.100430	-0.375731
27.120430	-0.394189
27.140430	-0.412490
27.160431	-0.430625
27.180431	-0.448588
27.200432	-0.466372
27.220432	-0.483970
27.240433	-0.501374
27.260433	-0.518577
27.280434	-0.535573
27.300434	-0.552355
27.320435	-0.568916
27.340435	-0.585249
27.360435	-0.601348
27.380436	-0.617207
27.400436	-0.632818
27.420437	-0.648177
27.440437	-0.663276
27.460438	-0.678110
27.480438	-0.692673
27.500439	-0.706959
27.520439	-0.720962
27.540440	-0.734677
27.560440	-0.748098
27.580441	-0.761220
27.600441	-0.774037
27.620441	-0.786544
27.640442	-0.798737
27.660442	-0.810611
27.680443	-0.822160
27.700443	-0.833381
27.720444	-0.844268
27.740444	-0.854817
27.760445	-0.865025
27.780445	-0.874887
27.800446	-0.884398
27.820446	-0.893557
27.840446	-0.902357
27.860447	-0.910797
27.880447	-0.918873
27.900448	-0.926581
27.920448	-0.933918
27.940449	-0.940882
27.960449	-0.947469
27.980450	-0.953678
28.000450	-0.959505
28.020451	-0.964949
28.040451	-0.970006
28.060452	-0.974676
28.080452	-0.978956
28.100452	-0.982844
28.120453	-0.986339
28.140453	-0.989440
28.160454	-0.992145
28.180454	-0.994453
28.200455	-0.996364
28.220455	-0.997876
28.240456	-0.998989
28.260456	-0.999702
28.280457	-1.000015
28.300457	-0.999929
28.320457	-0.999442
28.340458	-0.998556
28.360458	-0.997271
28.380459	-0.995586
28.400459	-0.993504
28.420460	-0.991024
28.440460	-0.988148
28.460461	-0.984876
28.480461	-0.981211
28.500462	-0.977153
28.520462	-0.972705
28.540462	-0.967867
28.560463	-0.962643
28.580463	-0.957033
28.600464	-0.951041
28.620464	-0.944668
28.640465	-0.937918
28.660465	-0.930792
28.680466	-0.923294
28.700466	-0.915427
28.720467	-0.907193
28.740467	-0.898597
28.760468	-0.889642
28.780468	-0.880330
28.800468	-0.870666
28.820469	-0.860655
28.840469	-0.850299
28.860470	-0.839602
28.880470	-0.828570
28.900471	-0.817207
28.920471	-0.805517
28.940472	-0.793505
28.960472	-0.781175
28.980473	-0.768533
29.000473	-0.755583
29.020473	-0.742331
29.040474	-0.728783
29.060474	-0.714943
29.080475	-0.700816
29.100475	-0.686410
29.120476	-0.671729
29.140476	-0.656779
29.160477	-0.641567
29.180477	-0.626098
29.200478	-0.610379
29.220478	-0.594416
29.240479	-0.578215
29.260479	-0.561782
29.280479	-0.545125
29.300480	-0.528250
29.320480	-0.511164
29.340481	-0.493873
29.360481	-0.476385
29.380482	-0.458706
29.400482	-0.440844
29.420483	-0.422805
29.440483	-0.404597
29.460484	-0.386228
29.480484	-0.367704
29.500484	-0.349033
29.520485	-0.330222
29.540485	-0.311279
29.560486	-0.292212
29.580486	-0.273028
29.600487	-0.253734
29.620487	-0.234339
29.640488	-0.214851
29.660488	-0.195276
29.680489	-0.175624
29.700489	-0.155901
29.720490	-0.136116
29.740490	-0.116276
29.760490	-0.096390
29.780491	-0.076465
29.800491	-0.056510
29.820492	-0.036532
29.840492	-0.016539
29.860493	0.003460
29.880493	0.023458
29.900494	0.043446
29.920494	0.063417
29.940495	0.083363
29.960495	0.103275
29.980495	0.123146
30.000496	0.142968
30.020496	0.162732
30.040497	0.182432
30.060497	0.202058
30.080498	0.221604
30.100498	0.241061
30.120499	0.260422
30.140499	0.279678
30.160500	0.298823
30.180500	0.317848
30.200500	0.336746
30.220501	0.355509
30.240501	0.374130
30.260502	0.392602
30.280502	0.410916
30.300503	0.429067
30.320503	0.447045
30.340504	0.464845
30.360504	0.482459
30.380505	0.499880
30.400505	0.517101
30.420506	0.534115
30.440506	0.550916
30.460506	0.567496
30.480507	0.583849
30.500507	0.599969
30.520508	0.615849
30.540508	0.631482
30.560509	0.646863
30.580509	0.661986
30.600510	0.676843
30.620510	0.691430
30.640511	0.705740
30.660511	0.719768
30.680511	0.733508
30.700512	0.746955
30.720512	0.760102
30.740513	0.772946
30.760513	0.785481
30.780514	0.797702
30.800514	0.809603
30.820515	0.821181
30.840515	0.832431
30.860516	0.843347
30.880516	0.853927
30.900517	0.864164
30.920517	0.874057
30.940517	0.883599
30.960518	0.892789
30.980518	0.901621
31.000519	0.910092
31.020519	0.918200
31.040520	0.925941
31.060520	0.933311
31.080521	0.940307
31.100521	0.946928
31.120522	0.953170
31.140522	0.959031
31.160522	0.964508
31.180523	0.969599
31.200523	0.974303
31.220524	0.978617
31.240524	0.982539
31.260525	0.986069
31.280525	0.989204
31.300526	0.991944
31.320526	0.994287
31.340527	0.996232
31.360527	0.997779
31.380527	0.998926
31.400528	0.999675
31.420528	1.000023
31.440529	0.999972
31.460529	0.999520
31.480530	0.998669
31.500530	0.997418
31.520531	0.995769
31.540531	0.993721
31.560532	0.991276
31.580532	0.988434
31.600533	0.985197
31.620533	0.981566
31.640533	0.977543
31.660534	0.973128
31.680534	0.968324
31.700535	0.963133
31.720535	0.957557
31.740536	0.951598
31.760536	0.945258
31.780537	0.938540
31.800537	0.931447
31.820538	0.923981
31.840538	0.916145
31.860538	0.907943
31.880539	0.899379
31.900539	0.890454
31.920540	0.881173
31.940540	0.871540
31.960541	0.861559
31.980541	0.851232
32.000542	0.840566
32.020542	0.829563
32.040543	0.818228
32.060543	0.806566
32.080544	0.794582
32.100544	0.782279
32.120544	0.769664
32.140545	0.756741
32.160545	0.743515
32.180546	0.729993
32.200546	0.716178
32.220547	0.702076
32.240547	0.687694
32.260548	0.673037
32.280548	0.658111
32.300549	0.642921
32.320549	0.627474
32.340549	0.611777
32.360550	0.595834
32.380550	0.579654
32.400551	0.563241
32.420551	0.546604
32.440552	0.529747
32.460552	0.512679
32.480553	0.495406
32.500553	0.477934
32.520554	0.460272
32.540554	0.442425
32.560555	0.424401
32.580555	0.406208
32.600555	0.387852
32.620556	0.369341
32.640556	0.350682
32.660557	0.331884
32.680557	0.312952
32.700558	0.293895
32.720558	0.274721
32.740559	0.255437
32.760559	0.236050
32.780560	0.216570
32.800560	0.197002
32.820560	0.177356
32.840561	0.157639
32.860561	0.137859
32.880562	0.118023
32.900562	0.098141
32.920563	0.078219
32.940563	0.058266
32.960564	0.038290
32.980564	0.018298
33.000565	-0.001701
33.020565	-0.021699
33.040565	-0.041689
33.060566	-0.061662
33.080566	-0.081610
33.100567	-0.101525
33.120567	-0.121400
33.140568	-0.141227
33.160568	-0.160997
33.180569	-0.180703
33.200569	-0.200336
33.220570	-0.219889
33.240570	-0.239354
33.260571	-0.258724
33.280571	-0.277990
33.300571	-0.297145
33.320572	-0.316181
33.340572	-0.335091
33.360573	-0.353866
33.380573	-0.372500
33.400574	-0.390985
33.420574	-0.409314
33.440575	-0.427479
33.460575	-0.445473
33.480576	-0.463289
33.500576	-0.480920
33.520576	-0.498358
33.540577	-0.515597
33.560577	-0.532630
33.580578	-0.549450
33.600578	-0.566050
33.620579	-0.582423
33.640579	-0.598564
33.660580	-0.614465
33.680580	-0.630121
33.700581	-0.645524
33.720581	-0.660670
33.740582	-0.675551
33.760582	-0.690161
33.780582	-0.704496
33.800583	-0.718549
33.820583	-0.732315
33.840584	-0.745788
33.860584	-0.758962
33.880585	-0.771833
33.900585	-0.784396
33.920586	-0.796644
33.940586	-0.808574
33.960587	-0.820181
33.980587	-0.831459
34.000587	-0.842405
34.020588	-0.853014
34.040588	-0.863281
34.060589	-0.873204
34.080589	-0.882777
34.100590	-0.891997
34.120590	-0.900861
34.140591	-0.909364
34.160591	-0.917503
34.180592	-0.925276
34.200592	-0.932678
34.220592	-0.939707
34.240593	-0.946361
34.260593	-0.952636
34.280594	-0.958530
34.300594	-0.964041
34.320595	-0.969166
34.340595	-0.973903
34.360596	-0.978251
34.380596	-0.982208
34.400597	-0.985772
34.420597	-0.988942
34.440598	-0.991716
34.460598	-0.994094
34.480598	-0.996074
34.500599	-0.997656
34.520599	-0.998838
34.540600	-0.999621
34.560600	-1.000005
34.580601	-0.999988
34.600601	-0.999572
34.620602	-0.998755
34.640602	-0.997539
34.660603	-0.995924
34.680603	-0.993911
34.700603	-0.991501
34.720604	-0.988693
34.740604	-0.985491
34.760605	-0.981894
34.780605	-0.977905
34.800606	-0.973524
34.820606	-0.968754
34.840607	-0.963597
34.860607	-0.958054
34.880608	-0.952128
34.900608	-0.945822
34.920609	-0.939137
34.940609	-0.932077
34.960609	-0.924643
34.980610	-0.916840
35.000610	-0.908671
35.020611	-0.900137
35.040611	-0.891244
35.060612	-0.881995
35.080612	-0.872392
35.100613	-0.862441
35.120613	-0.852145
35.140614	-0.841508
35.160614	-0.830534
35.180614	-0.819229
35.200615	-0.807595
35.220615	-0.795639
35.240616	-0.783365
35.260616	-0.770777
35.280617	-0.757881
35.300617	-0.744682
35.320618	-0.731185
35.340618	-0.717395
35.360619	-0.703319
35.380619	-0.688961
35.400620	-0.674328
35.420620	-0.659426
35.440620	-0.644259
35.460621	-0.628835
35.480621	-0.613159
35.500622	-0.597239
35.520622	-0.581079
35.540623	-0.564687
35.560623	-0.548069
35.580624	-0.531231
35.600624	-0.514182
35.620625	-0.496926
35.640625	-0.479472
35.660625	-0.461826
35.680626	-0.443996
35.700626	-0.425988
35.720627	-0.407809
35.740627	-0.389468
35.760628	-0.370970
35.780628	-0.352325
35.800629	-0.333538
35.820629	-0.314618
35.840630	-0.295572
35.860630	-0.276408
35.880630	-0.257134
35.900631	-0.237757
35.920631	-0.218284
35.940632	-0.198724
35.960632	-0.179085
35.980633	-0.159374
36.000633	-0.139600
36.020634	-0.119769
36.040634	-0.099891
36.060635	-0.079973
36.080635	-0.060023
36.100636	-0.040048
36.120636	-0.020058
36.140636	-0.000060
36.160637	0.019939
36.180637	0.039929
36.200638	0.059903
36.220638	0.079854
36.240639	0.099772
36.260639	0.119651
36.280640	0.139481
36.300640	0.159256
36.320641	0.178968
36.340641	0.198607
36.360641	0.218167
36.380642	0.237640
36.400642	0.257018
36.420643	0.276294
36.440643	0.295458
36.460644	0.314505
36.480644	0.333425
36.500645	0.352213
36.520645	0.370859
36.540646	0.389357
36.560646	0.407700
36.580647	0.425879
36.600647	0.443888
36.620647	0.461720
36.640648	0.479366
36.660648	0.496821
36.680649	0.514078
36.700649	0.531129
36.720650	0.547967
36.740650	0.564586
36.760651	0.580980
36.780651	0.597141
36.800652	0.613063
36.820652	0.628740
36.840652	0.644166
36.860653	0.659334
36.880653	0.674238
36.900654	0.688873
36.920654	0.703232
36.940655	0.717310
36.960655	0.731101
36.980656	0.744600
37.000656	0.757801
37.020657	0.770699
37.040657	0.783288
37.060658	0.795564
37.080658	0.807523
37.100658	0.819158
37.120659	0.830465
37.140659	0.841441
37.160660	0.852080
37.180660	0.862378
37.200661	0.872331
37.220661	0.881936
37.240662	0.891187
37.260662	0.900082
37.280663	0.908617
37.300663	0.916789
37.320663	0.924594
37.340664	0.932030
37.360664	0.939092
37.380665	0.945779
37.400665	0.952088
37.420666	0.958016
37.440666	0.963561
37.460667	0.968720
37.480667	0.973492
37.500668	0.977874
37.520668	0.981866
37.540668	0.985465
37.560669	0.988669
37.580669	0.991479
37.600670	0.993892
37.620670	0.995907
37.640671	0.997524
37.660671	0.998742
37.680672	0.999560
37.700672	0.999979
37.720673	0.999998
37.740673	0.999616
37.760674	0.998835
37.780674	0.997655
37.800674	0.996075
37.820675	0.994097
37.840675	0.991722
37.860676	0.988950
37.880676	0.985782
37.900677	0.982220
37.920677	0.978266
37.940678	0.973920
37.960678	0.969184
37.980679	0.964061
38.000679	0.958552
38.020679	0.952660
38.040680	0.946387
38.060680	0.939736
38.080681	0.932708
38.100681	0.925308
38.120682	0.917538
38.140682	0.909400
38.160683	0.900899
38.180683	0.892038
38.200684	0.882820
38.220684	0.873248
38.240685	0.863328
38.260685	0.853062
38.280685	0.842455
38.300686	0.831511
38.320686	0.820234
38.340687	0.808630
38.360687	0.796702
38.380688	0.784455
38.400688	0.771895
38.420689	0.759026
38.440689	0.745853
38.460690	0.732382
38.480690	0.718618
38.500690	0.704567
38.520691	0.690234
38.540691	0.675625
38.560692	0.660745
38.580692	0.645601
38.600693	0.630199
38.620693	0.614545
38.640694	0.598646
38.660694	0.582506
38.680695	0.566134
38.700695	0.549536
38.720695	0.532718
38.740696	0.515686
38.760696	0.498449
38.780697	0.481012
38.800697	0.463383
38.820698	0.445568
38.840698	0.427575
38.860699	0.409411
38.880699	0.391084
38.900700	0.372600
38.920700	0.353967
38.940701	0.335192
38.960701	0.316283
38.980701	0.297248
39.000702	0.278094
39.020702	0.258829
39.040703	0.239460
39.060703	0.219996
39.080704	0.200443
39.100704	0.180811
39.120705	0.161106
39.140705	0.141336
39.160706	0.121510
39.180706	0.101636
39.200706	0.081720
39.220707	0.061772
39.240707	0.041800
39.260708	0.021811
39.280708	0.001813
39.300709	-0.018186
39.320709	-0.038178
39.340710	-0.058154
39.360710	-0.078107
39.380711	-0.098029
39.400711	-0.117911
39.420712	-0.137747
39.440712	-0.157527
39.460712	-0.177244
39.480713	-0.196890
39.500713	-0.216458
39.520714	-0.235939
39.540714	-0.255326
39.560715	-0.274610
39.580715	-0.293785
39.600716	-0.312842
39.620716	-0.331774
39.640717	-0.350574
39.660717	-0.369233
39.680717	-0.387745
39.700718	-0.406101
39.720718	-0.424295
39.740719	-0.442320
39.760719	-0.460167
39.780720	-0.477830
39.800720	-0.495303
39.820721	-0.512577
39.840721	-0.529646
39.860722	-0.546503
39.880722	-0.563142
39.900723	-0.579556
39.920723	-0.595737
39.940723	-0.611681
39.960724	-0.627380
39.980724	-0.642828
